t,signal,gamma
0.0,(1.0000000000000009+6.223320470066795e-17j),0.005
0.0001,(0.9999834197614453+0.0010098372560421354j),0.005
0.0002,(0.9999658199549618+0.0020196407839326597j),0.005
0.00030000000000000003,(0.9999472006317647+0.003029409554574448j),0.005
0.0004,(0.9999275618440993+0.004039142538939573j),0.005
0.0005,(0.9999069036452658+0.005048838708070177j),0.005
0.0006000000000000001,(0.9998852260895863+0.006058497033079945j),0.005
0.0007,(0.9998625292324286+0.0070681164851531435j),0.005
0.0008,(0.9998388131302037+0.008077696035549425j),0.005
0.0009000000000000001,(0.9998140778403485+0.009087234655600343j),0.005
0.001,(0.9997883234213519+0.010096731316714418j),0.005
0.0011,(0.9997615499327225+0.011106184990376375j),0.005
0.0012000000000000001,(0.9997337574350279+0.012115594648147978j),0.005
0.0013000000000000002,(0.9997049459898544+0.01312495926166971j),0.005
0.0014,(0.9996751156598422+0.014134277802661056j),0.005
0.0015,(0.9996442665086533+0.015143549242922643j),0.005
0.0016,(0.9996123986009968+0.016152772554336177j),0.005
0.0017000000000000001,(0.9995795120026181+0.017161946708866133j),0.005
0.0018000000000000002,(0.9995456067802929+0.018171070678560858j),0.005
0.0019,(0.9995106830018432+0.019180143435553125j),0.005
0.002,(0.9994747407361221+0.02018916395206171j),0.005
0.0021000000000000003,(0.9994377800530247+0.021198131200391983j),0.005
0.0022,(0.9993998010234768+0.022207044152937696j),0.005
0.0023,(0.9993608037194356+0.023215901782180574j),0.005
0.0024000000000000002,(0.9993207882139188+0.02422470306069294j),0.005
0.0025,(0.9992797545809485+0.025233446961138245j),0.005
0.0026000000000000003,(0.9992377028956012+0.026242132456271407j),0.005
0.0027,(0.9991946332339978+0.027250758518940817j),0.005
0.0028,(0.9991505456732696+0.028259324122088963j),0.005
0.0029000000000000002,(0.9991054402916059+0.029267828238753308j),0.005
0.003,(0.9990593171682224+0.030276269842067945j),0.005
0.0031000000000000003,(0.9990121763833748+0.03128464790526386j),0.005
0.0032,(0.998964018018349+0.03229296140167003j),0.005
0.0033,(0.9989148421554742+0.033301209304715626j),0.005
0.0034000000000000002,(0.9988646488781063+0.03430939058792959j),0.005
0.0035,(0.9988134382706372+0.03531750422494249j),0.005
0.0036000000000000003,(0.9987612104185024+0.036325549189487535j),0.005
0.0037,(0.9987079654081656+0.03733352445540109j),0.005
0.0038,(0.9986537033271203+0.0383414289966244j),0.005
0.0039000000000000003,(0.9985984242639119+0.03934926178720394j),0.005
0.004,(0.998542128308095+0.0403570218012933j),0.005
0.0041,(0.9984848155502904+0.04136470801315387j),0.005
0.004200000000000001,(0.9984264860821286+0.04237231939715479j),0.005
0.0043,(0.9983671399962717+0.043379854927776074j),0.005
0.0044,(0.9983067773864411+0.04438731357960849j),0.005
0.0045000000000000005,(0.9982453983473669+0.04539469432735383j),0.005
0.0046,(0.9981830029748289+0.04640199614582753j),0.005
0.0047,(0.998119591365631+0.047409218009958606j),0.005
0.0048000000000000004,(0.9980551636176165+0.048416358894791095j),0.005
0.0049,(0.9979897198296579+0.04942341777548556j),0.005
0.005,(0.9979232601016681+0.0504303936273188j),0.005
0.0051,(0.99785578453459+0.05143728542568668j),0.005
0.005200000000000001,(0.9977872932303804+0.052444092146103446j),0.005
0.0053,(0.9977177862920653+0.053450812764204186j),0.005
0.0054,(0.9976472638236832+0.054457446255744266j),0.005
0.0055000000000000005,(0.9975757259302956+0.05546399159660256j),0.005
0.0056,(0.9975031727180141+0.056470447762780256j),0.005
0.0057,(0.9974296042939735+0.05747681373040372j),0.005
0.0058000000000000005,(0.9973550207663505+0.05848308847572385j),0.005
0.0059,(0.9972794222443382+0.05948927097511872j),0.005
0.006,(0.9972028088381756+0.06049536020509397j),0.005
0.0061,(0.9971251806591207+0.06150135514228243j),0.005
0.006200000000000001,(0.9970465378194807+0.06250725476344844j),0.005
0.0063,(0.9969668804325736+0.06351305804548535j),0.005
0.0064,(0.9968862086127649+0.06451876396541933j),0.005
0.006500000000000001,(0.9968045224754428+0.06552437150040835j),0.005
0.0066,(0.9967218221370288+0.06652987962774475j),0.005
0.0067,(0.9966381077149798+0.06753528732485507j),0.005
0.0068000000000000005,(0.996553379327774+0.06854059356930173j),0.005
0.006900000000000001,(0.9964676370949307+0.06954579733878412j),0.005
0.007,(0.996380881136982+0.07055089761114028j),0.005
0.0071,(0.9962931115755184+0.07155589336434619j),0.005
0.007200000000000001,(0.9962043285331325+0.07256078357651702j),0.005
0.0073,(0.9961145321334656+0.07356556722591179j),0.005
0.0074,(0.9960237225011827+0.07457024329092785j),0.005
0.007500000000000001,(0.9959318997619715+0.07557481075010876j),0.005
0.0076,(0.9958390640425583+0.07657926858214048j),0.005
0.0077,(0.9957452154706922+0.0775836157658544j),0.005
0.0078000000000000005,(0.9956503541751579+0.07858785128022834j),0.005
0.0079,(0.9955544802857724+0.07959197410438686j),0.005
0.008,(0.9954575939333632+0.08059598321760349j),0.005
0.0081,(0.9953596952498027+0.08159987759930055j),0.005
0.0082,(0.9952607843679911+0.08260365622905091j),0.005
0.0083,(0.9951608614218509+0.08360731808657854j),0.005
0.008400000000000001,(0.9950599265463334+0.08461086215176028j),0.005
0.0085,(0.9949579798774141+0.085614287404626j),0.005
0.0086,(0.9948550215521182+0.08661759282535998j),0.005
0.008700000000000001,(0.9947510517084658+0.08762077739430196j),0.005
0.0088,(0.9946460704855209+0.08862384009194886j),0.005
0.0089,(0.9945400780233873+0.08962677989895435j),0.005
0.009000000000000001,(0.9944330744631747+0.0906295957961315j),0.005
0.0091,(0.9943250599470205+0.09163228676445195j),0.005
0.0092,(0.9942160346181018+0.09263485178504932j),0.005
0.009300000000000001,(0.9941059986206241+0.09363728983921805j),0.005
0.0094,(0.993994952099805+0.0946395999084153j),0.005
0.0095,(0.9938828952018882+0.09564178097426258j),0.005
0.009600000000000001,(0.9937698280741627+0.0966438320185455j),0.005
0.0097,(0.9936557508649253+0.09764575202321638j),0.005
0.0098,(0.9935406637235049+0.09864753997039394j),0.005
0.0099,(0.9934245668002496+0.09964919484236447j),0.005
0.01,(0.9933074602465367+0.10065071562158391j),0.005
0.010100000000000001,(0.9931893442147786+0.10165210129067785j),0.005
0.0102,(0.9930702188584032+0.10265335083244248j),0.005
0.0103,(0.9929500843318573+0.10365446322984694j),0.005
0.010400000000000001,(0.9928289407906209+0.1046554374660326j),0.005
0.0105,(0.992706788391192+0.10565627252431492j),0.005
0.0106,(0.9925836272911104+0.10665696738818535j),0.005
0.010700000000000001,(0.9924594576489125+0.10765752104131016j),0.005
0.0108,(0.99233427962417+0.10865793246753504j),0.005
0.0109,(0.9922080933774927+0.10965820065088114j),0.005
0.011000000000000001,(0.9920808990704855+0.11065832457555094j),0.005
0.0111,(0.9919526968658045+0.11165830322592683j),0.005
0.0112,(0.9918234869271073+0.1126581355865713j),0.005
0.011300000000000001,(0.9916932694190932+0.11365782064223102j),0.005
0.0114,(0.9915620445074662+0.11465735737783385j),0.005
0.0115,(0.9914298123589602+0.11565674477849468j),0.005
0.011600000000000001,(0.9912965731413341+0.11665598182951198j),0.005
0.0117,(0.9911623270233627+0.117655067516371j),0.005
0.0118,(0.9910270741748504+0.11865400082474471j),0.005
0.0119,(0.9908908147666164+0.11965278074049458j),0.005
0.012,(0.9907535489704997+0.12065140624967224j),0.005
0.012100000000000001,(0.990615276959366+0.12164987633851816j),0.005
0.0122,(0.9904759989071025+0.12264818999346577j),0.005
0.0123,(0.9903357149886085+0.12364634620114182j),0.005
0.012400000000000001,(0.9901944253798205+0.12464434394836497j),0.005
0.0125,(0.9900521302576714+0.12564218222214973j),0.005
0.0126,(0.9899088298001307+0.12663986000970584j),0.005
0.012700000000000001,(0.9897645241861883+0.1276373762984405j),0.005
0.0128,(0.9896192135958445+0.12863473007595644j),0.005
0.0129,(0.9894728982101282+0.12963192033005944j),0.005
0.013000000000000001,(0.9893255782110767+0.1306289460487507j),0.005
0.0131,(0.989177253781759+0.13162580622023518j),0.005
0.0132,(0.9890279251062554+0.13262249983291785j),0.005
0.013300000000000001,(0.9888775923696675+0.1336190258754084j),0.005
0.0134,(0.9887262557581025+0.1346153833365177j),0.005
0.0135,(0.9885739154587084+0.13561157120526468j),0.005
0.013600000000000001,(0.9884205716596305+0.13660758847087323j),0.005
0.0137,(0.9882662245500524+0.1376034341227727j),0.005
0.013800000000000002,(0.9881108743201508+0.1385991071506025j),0.005
0.013900000000000001,(0.9879545211611328+0.13959460654420985j),0.005
0.014,(0.9877971652652332+0.1405899312936519j),0.005
0.014100000000000001,(0.9876388068256792+0.14158508038919887j),0.005
0.0142,(0.987479446036734+0.14258005282133035j),0.005
0.0143,(0.9873190830936619+0.14357484758074068j),0.005
0.014400000000000001,(0.9871577181927597+0.1445694636583394j),0.005
0.0145,(0.9869953515313292+0.1455639000452477j),0.005
0.0146,(0.9868319833076883+0.14655815573280753j),0.005
0.014700000000000001,(0.9866676137211735+0.1475522297125733j),0.005
0.0148,(0.9865022429721352+0.14854612097632228j),0.005
0.0149,(0.986335871261933+0.14953982851604733j),0.005
0.015000000000000001,(0.9861684987929585+0.15053335132396364j),0.005
0.0151,(0.9860001257685914+0.1515266883925063j),0.005
0.0152,(0.985830752393248+0.1525198387143359j),0.005
0.015300000000000001,(0.9856603788723485+0.15351280128233152j),0.005
0.0154,(0.9854890054123271+0.15450557508960103j),0.005
0.0155,(0.9853166322206315+0.15549815912947468j),0.005
0.015600000000000001,(0.9851432595057253+0.15649055239551105j),0.005
0.015700000000000002,(0.9849688874770851+0.15748275388149657j),0.005
0.0158,(0.9847935163451934+0.15847476258144316j),0.005
0.0159,(0.9846171463215516+0.15946657748959336j),0.005
0.016,(0.9844397776186761+0.16045819760042374j),0.005
0.0161,(0.9842614104500818+0.1614496219086372j),0.005
0.0162,(0.9840820450303125+0.16244084940917253j),0.005
0.016300000000000002,(0.9839016815749112+0.16343187909720014j),0.005
0.0164,(0.9837203203004371+0.16442270996812733j),0.005
0.0165,(0.9835379614244559+0.16541334101759417j),0.005
0.0166,(0.9833546051655558+0.1664037712414798j),0.005
0.0167,(0.9831702517433165+0.16739399963589896j),0.005
0.016800000000000002,(0.9829849013783416+0.1683840251972062j),0.005
0.016900000000000002,(0.9827985542922365+0.16937384692199609j),0.005
0.017,(0.9826112107076287+0.17036346380710266j),0.005
0.0171,(0.9824228708481461+0.17135287484960204j),0.005
0.0172,(0.9822335349384151+0.172342079046814j),0.005
0.0173,(0.982043203204097+0.17333107539630097j),0.005
0.017400000000000002,(0.9818518758718412+0.17431986289586865j),0.005
0.0175,(0.9816595531693086+0.17530844054357295j),0.005
0.0176,(0.9814662353251694+0.17629680733771258j),0.005
0.0177,(0.9812719225691069+0.17728496227683455j),0.005
0.0178,(0.9810766151318108+0.1782729043597362j),0.005
0.0179,(0.9808803132449657+0.17926063258546268j),0.005
0.018000000000000002,(0.9806830171412811+0.18024814595331273j),0.005
0.0181,(0.9804847270544579+0.18123544346283427j),0.005
0.0182,(0.9802854432192171+0.18222252411382805j),0.005
0.0183,(0.9800851658712713+0.1832093869063518j),0.005
0.0184,(0.9798838952473514+0.18419603084071415j),0.005
0.018500000000000003,(0.9796816315851868+0.18518245491748156j),0.005
0.018600000000000002,(0.9794783751235169+0.1861686581374776j),0.005
0.0187,(0.9792741261020812+0.18715463950178401j),0.005
0.0188,(0.9790688847616243+0.18814039801173968j),0.005
0.0189,(0.9788626513438982+0.1891259326689454j),0.005
0.019,(0.9786554260916606+0.19011124247525896j),0.005
0.019100000000000002,(0.9784472092486715+0.19109632643280763j),0.005
0.019200000000000002,(0.9782380010596932+0.19208118354397327j),0.005
0.0193,(0.9780278017704895+0.19306581281140756j),0.005
0.0194,(0.977816611627826+0.19405021323802388j),0.005
0.0195,(0.9776044308794847+0.19503438382700383j),0.005
0.0196,(0.9773912597742338+0.19601832358179305j),0.005
0.019700000000000002,(0.9771770985618522+0.1970020315061091j),0.005
0.0198,(0.9769619474931158+0.1979855066039352j),0.005
0.0199,(0.9767458068198048+0.19896874787952584j),0.005
0.02,(0.9765286767947083+0.19995175433740683j),0.005
0.0201,(0.9763105576716037+0.20093452498237552j),0.005
0.020200000000000003,(0.97609144970527+0.20191705881950114j),0.005
0.020300000000000002,(0.9758713531514973+0.2028993548541311j),0.005
0.0204,(0.9756502682670701+0.20388141209188185j),0.005
0.0205,(0.9754281953097697+0.20486322953864933j),0.005
0.0206,(0.9752051345383794+0.20584480620060877j),0.005
0.0207,(0.9749810862126869+0.20682614108420802j),0.005
0.020800000000000003,(0.9747560505934669+0.2078072331961782j),0.005
0.020900000000000002,(0.9745300279425085+0.2087880815435275j),0.005
0.021,(0.9743030185225845+0.20976868513354863j),0.005
0.0211,(0.9740750225974717+0.2107490429738127j),0.005
0.0212,(0.9738460404319486+0.2117291540721765j),0.005
0.0213,(0.9736160722917871+0.21270901743677975j),0.005
0.021400000000000002,(0.9733851184437564+0.21368863207604818j),0.005
0.021500000000000002,(0.9731531791556219+0.2146679969986921j),0.005
0.0216,(0.9729202546961454+0.21564711121371005j),0.005
0.0217,(0.9726863453350945+0.21662597373038778j),0.005
0.0218,(0.9724514513432119+0.21760458355830123j),0.005
0.0219,(0.9722155729922618+0.21858293970731518j),0.005
0.022000000000000002,(0.9719787105549819+0.2195610411875864j),0.005
0.0221,(0.9717408643051139+0.22053888700956314j),0.005
0.0222,(0.9715020345174001+0.22151647618398715j),0.005
0.0223,(0.9712622214675671+0.22249380772189528j),0.005
0.0224,(0.9710214254323339+0.2234708806346166j),0.005
0.022500000000000003,(0.970779646689425+0.2244476939337794j),0.005
0.022600000000000002,(0.9705368855175572+0.22542424663130567j),0.005
0.0227,(0.970293142196425+0.22640053773941904j),0.005
0.0228,(0.9700484170067349+0.22737656627063985j),0.005
0.0229,(0.969802710230172+0.22835233123779117j),0.005
0.023,(0.9695560221494249+0.22932783165399112j),0.005
0.023100000000000002,(0.9693083530481611+0.23030306653266758j),0.005
0.023200000000000002,(0.9690597032110475+0.23127803488754686j),0.005
0.0233,(0.9688100729237484+0.23225273573265953j),0.005
0.0234,(0.9685594624729069+0.23322716808234267j),0.005
0.0235,(0.9683078721461631+0.2342013309512389j),0.005
0.0236,(0.9680553022321426+0.23517522335429694j),0.005
0.023700000000000002,(0.9678017530204662+0.2361488443067755j),0.005
0.0238,(0.9675472248017458+0.23712219282423938j),0.005
0.0239,(0.9672917178675708+0.23809526792256808j),0.005
0.024,(0.9670352325105378+0.23906806861794547j),0.005
0.0241,(0.9667777690242237+0.24004059392687316j),0.005
0.024200000000000003,(0.9665193277031819+0.24101284286616442j),0.005
0.024300000000000002,(0.9662599088429683+0.24198481445294578j),0.005
0.0244,(0.9659995127401281+0.24295650770465715j),0.005
0.0245,(0.9657381396921768+0.24392792163905774j),0.005
0.0246,(0.9654757899976393+0.24489905527422157j),0.005
0.0247,(0.9652124639560076+0.24586990762854122j),0.005
0.024800000000000003,(0.9649481618677707+0.24684047772072787j),0.005
0.024900000000000002,(0.9646828840343987+0.2478107645698136j),0.005
0.025,(0.9644166307583528+0.24878076719514938j),0.005
0.0251,(0.9641494023430754+0.24975048461641053j),0.005
0.0252,(0.9638811990929997+0.2507199158535952j),0.005
0.0253,(0.9636120213135267+0.2516890599270231j),0.005
0.025400000000000002,(0.9633418693110616+0.25265791585734126j),0.005
0.025500000000000002,(0.9630707433929884+0.2536264826655201j),0.005
0.0256,(0.9627986438676615+0.25459475937286036j),0.005
0.0257,(0.9625255710444333+0.2555627450009871j),0.005
0.0258,(0.9622515252336346+0.25653043857185637j),0.005
0.025900000000000003,(0.9619765067465779+0.2574978391077526j),0.005
0.026000000000000002,(0.9617005158955588+0.25846494563129324j),0.005
0.0261,(0.9614235529938479+0.2594317571654252j),0.005
0.0262,(0.9611456183557137+0.260398272733432j),0.005
0.0263,(0.9608667122963913+0.2613644913589241j),0.005
0.0264,(0.9605868351320992+0.2623304120658517j),0.005
0.026500000000000003,(0.9603059871800352+0.263296033878502j),0.005
0.026600000000000002,(0.9600241687583849+0.26426135582149557j),0.005
0.0267,(0.9597413801863093+0.2652263769197907j),0.005
0.0268,(0.9594576217839446+0.2661910961986868j),0.005
0.0269,(0.9591728938724056+0.2671555126838217j),0.005
0.027,(0.9588871967737987+0.26811962540117235j),0.005
0.027100000000000003,(0.9586005308111891+0.26908343337706264j),0.005
0.027200000000000002,(0.9583128963086345+0.270046935638151j),0.005
0.0273,(0.958024293591169+0.2710101312114459j),0.005
0.0274,(0.9577347229847912+0.2719730191242982j),0.005
0.0275,(0.9574441848164968+0.2729355984044057j),0.005
0.027600000000000003,(0.9571526794142408+0.2738978680798094j),0.005
0.027700000000000002,(0.956860207106954+0.2748598271789004j),0.005
0.027800000000000002,(0.9565667682245613+0.2758214747304186j),0.005
0.0279,(0.9562723630979395+0.27678280976345265j),0.005
0.028,(0.9559769920589617+0.27774383130744246j),0.005
0.0281,(0.9556806554404579+0.27870453839217413j),0.005
0.028200000000000003,(0.9553833535762426+0.2796649300477974j),0.005
0.028300000000000002,(0.9550850868011054+0.2806250053048055j),0.005
0.0284,(0.9547858554507932+0.2815847631940482j),0.005
0.0285,(0.9544856598620547+0.2825442027467313j),0.005
0.0286,(0.9541845003725773+0.283503322994421j),0.005
0.0287,(0.9538823773210454+0.2844621229690344j),0.005
0.028800000000000003,(0.9535792910471149+0.28542060170285044j),0.005
0.028900000000000002,(0.9532752418913972+0.2863787582285047j),0.005
0.029,(0.9529702301954904+0.28733659157899694j),0.005
0.0291,(0.9526642563019493+0.288294100787686j),0.005
0.0292,(0.9523573205543198+0.2892512848882927j),0.005
0.029300000000000003,(0.9520494232970889+0.29020814291489927j),0.005
0.029400000000000003,(0.951740564875736+0.2911646739019568j),0.005
0.029500000000000002,(0.9514307456367108+0.29212087688427646j),0.005
0.0296,(0.951119965927417+0.2930767508970405j),0.005
0.0297,(0.9508082260962316+0.2940322949757933j),0.005
0.0298,(0.9504955264925092+0.2949875081564507j),0.005
0.029900000000000003,(0.9501818674665578+0.29594238947529605j),0.005
0.030000000000000002,(0.9498672493696677+0.29689693796898303j),0.005
0.030100000000000002,(0.9495516725540822+0.29785115267453477j),0.005
0.0302,(0.9492351373730212+0.2988050326293494j),0.005
0.0303,(0.9489176441806658+0.2997585768711973j),0.005
0.0304,(0.9485991933321605+0.30071178443821717j),0.005
0.030500000000000003,(0.9482797851836304+0.3016646543689337j),0.005
0.030600000000000002,(0.9479594200921435+0.3026171857022354j),0.005
0.0307,(0.9476380984157415+0.303569377477395j),0.005
0.0308,(0.9473158205134382+0.304521228734061j),0.005
0.0309,(0.9469925867452067+0.3054727385122578j),0.005
0.031,(0.9466683974719722+0.30642390585239604j),0.005
0.031100000000000003,(0.9463432530556429+0.30737472979526115j),0.005
0.031200000000000002,(0.9460171538590726+0.3083252093820193j),0.005
0.0313,(0.9456901002460791+0.3092753436542274j),0.005
0.031400000000000004,(0.9453620925814576+0.3102251316538171j),0.005
0.0315,(0.9450331312309492+0.3111745724231072j),0.005
0.0316,(0.9447032165612579+0.31212366500480565j),0.005
0.0317,(0.9443723489400501+0.31307240844199996j),0.005
0.0318,(0.9440405287359618+0.3140208017781715j),0.005
0.031900000000000005,(0.9437077563185712+0.31496884405718534j),0.005
0.032,(0.9433740320584314+0.3159165343233011j),0.005
0.032100000000000004,(0.9430393563270405+0.31686387162116225j),0.005
0.0322,(0.9427037294968673+0.3178108549958085j),0.005
0.0323,(0.9423671519413344+0.31875748349266847j),0.005
0.0324,(0.9420296240348203+0.3197037561575653j),0.005
0.0325,(0.9416911461526619+0.3206496720367194j),0.005
0.032600000000000004,(0.9413517186711559+0.3215952301767389j),0.005
0.0327,(0.9410113419675483+0.32254042962463475j),0.005
0.0328,(0.9406700164200504+0.3234852694278123j),0.005
0.0329,(0.9403277424078249+0.324429748634074j),0.005
0.033,(0.9399845203109811+0.3253738662916225j),0.005
0.033100000000000004,(0.9396403505106014+0.32631762144906185j),0.005
0.0332,(0.9392952333887052+0.3272610131553905j),0.005
0.0333,(0.9389491693282803+0.3282040404600174j),0.005
0.0334,(0.9386021587132548+0.32914670241274857j),0.005
0.0335,(0.9382542019285218+0.3300889980637949j),0.005
0.033600000000000005,(0.9379052993599131+0.33103092646377225j),0.005
0.0337,(0.9375554513942311+0.3319724866637039j),0.005
0.033800000000000004,(0.9372046584192159+0.3329136777150148j),0.005
0.0339,(0.9368529208235588+0.3338544986695428j),0.005
0.034,(0.9365002389969105+0.334794948579531j),0.005
0.0341,(0.9361466133298705+0.3357350264976328j),0.005
0.0342,(0.9357920442139839+0.3366747314769117j),0.005
0.034300000000000004,(0.9354365320417435+0.3376140625708441j),0.005
0.0344,(0.9350800772066028+0.3385530188333167j),0.005
0.0345,(0.9347226801029576+0.3394915993186301j),0.005
0.0346,(0.934364341126141+0.3404298030814991j),0.005
0.0347,(0.9340050606724558+0.34136762917705404j),0.005
0.034800000000000005,(0.9336448391391341+0.3423050766608416j),0.005
0.0349,(0.9332836769243712+0.3432421445888215j),0.005
0.035,(0.9329215744272911+0.3441788320173788j),0.005
0.0351,(0.9325585320479748+0.34511513800331284j),0.005
0.0352,(0.9321945501874495+0.34605106160384047j),0.005
0.035300000000000005,(0.9318296292476835+0.34698660187660485j),0.005
0.0354,(0.9314637696315954+0.3479217578796705j),0.005
0.035500000000000004,(0.9310969717430432+0.34885652867151995j),0.005
0.0356,(0.9307292359868289+0.34979091331105994j),0.005
0.0357,(0.9303605627686985+0.35072491085762975j),0.005
0.0358,(0.9299909524953537+0.35165852037098483j),0.005
0.0359,(0.929620405574411+0.3525917409113101j),0.005
0.036000000000000004,(0.9292489224144587+0.35352457153922034j),0.005
0.0361,(0.9288765034250077+0.35445701131575696j),0.005
0.0362,(0.9285031490165178+0.355389059302389j),0.005
0.0363,(0.9281288596003925+0.3563207145610185j),0.005
0.0364,(0.9277536355889634+0.3572519761539793j),0.005
0.036500000000000005,(0.927377477395521+0.358182843144035j),0.005
0.0366,(0.9270003854342745+0.3591133145943833j),0.005
0.0367,(0.926622360120394+0.3600433895686533j),0.005
0.0368,(0.9262434018699647+0.3609730671309139j),0.005
0.0369,(0.925863511100033+0.3619023463456691j),0.005
0.037000000000000005,(0.9254826882285623+0.36283122627785697j),0.005
0.0371,(0.9251009336744682+0.3637597059928538j),0.005
0.037200000000000004,(0.9247182478575956+0.36468778455647666j),0.005
0.0373,(0.9243346311987365+0.36561546103498216j),0.005
0.0374,(0.9239500841195974+0.36654273449506364j),0.005
0.0375,(0.9235646070428409+0.36746960400386325j),0.005
0.0376,(0.9231782003920578+0.36839606862895635j),0.005
0.037700000000000004,(0.9227908645917722+0.36932212743837106j),0.005
0.0378,(0.922402600067437+0.37024777950057514j),0.005
0.0379,(0.9220134072454513+0.3711730238844802j),0.005
0.038,(0.9216232865531367+0.37209785965944764j),0.005
0.0381,(0.9212322384187498+0.3730222858952825j),0.005
0.038200000000000005,(0.920840263271488+0.37394630166224324j),0.005
0.0383,(0.9204473615414667+0.3748699060310305j),0.005
0.038400000000000004,(0.9200535336597393+0.37579309807280187j),0.005
0.0385,(0.9196587800582894+0.3767158768591603j),0.005
0.0386,(0.9192631011700327+0.3776382414621641j),0.005
0.038700000000000005,(0.9188664974288125+0.3785601909543222j),0.005
0.0388,(0.9184689692693987+0.3794817244085956j),0.005
0.038900000000000004,(0.9180705171275036+0.38040284089840654j),0.005
0.039,(0.9176711414397503+0.3813235394976271j),0.005
0.0391,(0.9172708426436945+0.38224381928058787j),0.005
0.0392,(0.9168696211778333+0.38316367932207535j),0.005
0.0393,(0.9164674774815648+0.3840831186973369j),0.005
0.039400000000000004,(0.9160644119952418+0.385002136482076j),0.005
0.0395,(0.9156604251601247+0.3859207317524598j),0.005
0.0396,(0.9152555174184035+0.3868389035851151j),0.005
0.0397,(0.914849689213194+0.387756651057129j),0.005
0.0398,(0.9144429409885446+0.3886739732460554j),0.005
0.039900000000000005,(0.9140352731894066+0.38959086922990754j),0.005
0.04,(0.913626686261677+0.3905073380871695j),0.005
0.040100000000000004,(0.913217180652174+0.39142337889678325j),0.005
0.0402,(0.9128067568086171+0.39233899073816547j),0.005
0.0403,(0.9123954151796729+0.3932541726911945j),0.005
0.040400000000000005,(0.9119831562149163+0.3941689238362208j),0.005
0.0405,(0.911569980364844+0.3950832432540622j),0.005
0.040600000000000004,(0.9111558880808802+0.3959971300260095j),0.005
0.0407,(0.9107408798153686+0.3969105832338212j),0.005
0.0408,(0.9103249560215575+0.3978236019597311j),0.005
0.0409,(0.9099081171536381+0.3987361852864435j),0.005
0.041,(0.9094903636667017+0.39964833229713825j),0.005
0.041100000000000005,(0.9090716960167636+0.4005600420754728j),0.005
0.0412,(0.9086521146607605+0.40147131370557665j),0.005
0.0413,(0.9082316200565389+0.40238214627205793j),0.005
0.0414,(0.907810212662871+0.4032925388599985j),0.005
0.0415,(0.9073878929394495+0.4042024905549693j),0.005
0.041600000000000005,(0.9069646613468563+0.40511200044300616j),0.005
0.0417,(0.9065405183466162+0.40602106761063866j),0.005
0.041800000000000004,(0.9061154644011582+0.4069296911448723j),0.005
0.0419,(0.905689499973827+0.4078378701331916j),0.005
0.042,(0.9052626255288793+0.40874560366356866j),0.005
0.042100000000000005,(0.9048348415314849+0.40965289082446144j),0.005
0.0422,(0.9044061484477321+0.41055973070480983j),0.005
0.042300000000000004,(0.9039765467446088+0.41146612239403885j),0.005
0.0424,(0.9035460368900297+0.41237206498206264j),0.005
0.0425,(0.9031146193528129+0.4132775575592814j),0.005
0.0426,(0.9026822946026855+0.4141825992165869j),0.005
0.0427,(0.902249063110284+0.4150871890453576j),0.005
0.042800000000000005,(0.9018149253471731+0.4159913261374629j),0.005
0.0429,(0.901379881785793+0.41689500958526476j),0.005
0.043000000000000003,(0.9009439328995218+0.4177982384816189j),0.005
0.0431,(0.9005070791626272+0.4187010119198694j),0.005
0.0432,(0.9000693210503005+0.4196033289938631j),0.005
0.043300000000000005,(0.8996306590386326+0.4205051887979301j),0.005
0.0434,(0.8991910936046112+0.4214065904269074j),0.005
0.043500000000000004,(0.8987506252261481+0.4223075329761242j),0.005
0.0436,(0.8983092543820452+0.4232080155414053j),0.005
0.0437,(0.8978669815520244+0.4241080372190798j),0.005
0.0438,(0.8974238072166949+0.4250075971059711j),0.005
0.0439,(0.8969797318575815+0.425906694299406j),0.005
0.044000000000000004,(0.8965347559571142+0.4268053278972134j),0.005
0.0441,(0.8960888799986204+0.4277034969977232j),0.005
0.0442,(0.8956421044663286+0.4286012006997673j),0.005
0.0443,(0.8951944298453695+0.42949843810268373j),0.005
0.0444,(0.8947458566217853+0.4303952083063171j),0.005
0.044500000000000005,(0.8942963852825039+0.4312915104110127j),0.005
0.0446,(0.8938460163153639+0.43218734351762683j),0.005
0.044700000000000004,(0.8933947502091079+0.4330827067275248j),0.005
0.0448,(0.8929425874533599+0.433977599142575j),0.005
0.0449,(0.8924895285386593+0.43487201986516294j),0.005
0.045000000000000005,(0.8920355739564345+0.435765967998177j),0.005
0.0451,(0.8915807241990183+0.436659442645021j),0.005
0.045200000000000004,(0.8911249797596348+0.43755244290961265j),0.005
0.0453,(0.8906683411324128+0.4384449678963784j),0.005
0.0454,(0.8902108088123623+0.43933701671026104j),0.005
0.0455,(0.8897523832954053+0.44022858845671875j),0.005
0.0456,(0.8892930650783591+0.4411196822417249j),0.005
0.045700000000000005,(0.8888328546589094+0.44201029717176915j),0.005
0.0458,(0.8883717525356718+0.4429004323538603j),0.005
0.0459,(0.8879097592081324+0.44379008689552574j),0.005
0.046,(0.8874468751766739+0.4446792599048091j),0.005
0.0461,(0.8869831009425779+0.4455679504902768j),0.005
0.046200000000000005,(0.8865184370080085+0.446456157761017j),0.005
0.0463,(0.8860528838760342+0.4473438808266386j),0.005
0.046400000000000004,(0.8855864420505969+0.4482311187972747j),0.005
0.0465,(0.8851191120365449+0.44911787078358295j),0.005
0.0466,(0.8846508943396073+0.4500041358967409j),0.005
0.046700000000000005,(0.8841817894664047+0.4508899132484588j),0.005
0.0468,(0.883711797924442+0.4517752019509674j),0.005
0.046900000000000004,(0.88324092022212+0.45266000111702914j),0.005
0.047,(0.8827691568687265+0.45354430985993216j),0.005
0.0471,(0.8822965083744224+0.45442812729349624j),0.005
0.0472,(0.881822975250269+0.45531145253206706j),0.005
0.0473,(0.8813485580082162+0.4561942846905278j),0.005
0.047400000000000005,(0.8808732571610866+0.4570766228842864j),0.005
0.0475,(0.8803970732225953+0.4579584662292886j),0.005
0.0476,(0.87992000670734+0.45883981384201106j),0.005
0.0477,(0.8794420581307982+0.4597206648394669j),0.005
0.0478,(0.878963228009335+0.46060101833920325j),0.005
0.047900000000000005,(0.8784835168602007+0.46148087345930444j),0.005
0.048,(0.8780029252015207+0.4623602293183918j),0.005
0.048100000000000004,(0.8775214535523048+0.4632390850356251j),0.005
0.0482,(0.8770391024324491+0.4641174397307007j),0.005
0.0483,(0.8765558723627133+0.4649952925238573j),0.005
0.048400000000000006,(0.8760717638647639+0.4658726425358739j),0.005
0.0485,(0.875586777461121+0.4667494888880697j),0.005
0.048600000000000004,(0.8751009136751884+0.4676258307023084j),0.005
0.0487,(0.874614173031257+0.46850166710099606j),0.005
0.0488,(0.874126556054502+0.46937699720708137j),0.005
0.0489,(0.8736380632709446+0.47025182014406347j),0.005
0.049,(0.8731486952075188+0.471126135035979j),0.005
0.049100000000000005,(0.8726584523920019+0.4719999410074189j),0.005
0.0492,(0.8721673353530759+0.4728732371835183j),0.005
0.049300000000000004,(0.8716753446202752+0.4737460226899606j),0.005
0.0494,(0.8711824807240192+0.4746182966529818j),0.005
0.0495,(0.8706887441955996+0.4754900581993668j),0.005
0.049600000000000005,(0.8701941355671798+0.47636130645644664j),0.005
0.0497,(0.8696986553717909+0.4772320405521124j),0.005
0.049800000000000004,(0.8692023041433413+0.478102259614804j),0.005
0.0499,(0.8687050824166139+0.4789719627735166j),0.005
0.05,(0.8682069907272587+0.47984114915779685j),0.005
0.050100000000000006,(0.867708029611783+0.4807098178977516j),0.005
0.0502,(0.867208199607591+0.48157796812403975j),0.005
0.050300000000000004,(0.8667075012529304+0.4824455989678825j),0.005
0.0504,(0.8662059350869302+0.48331270956105526j),0.005
0.0505,(0.86570350164958+0.48417929903589213j),0.005
0.0506,(0.8652002014817498+0.485045366525291j),0.005
0.0507,(0.8646960351251559+0.4859109111627054j),0.005
0.050800000000000005,(0.8641910031223986+0.48677593208215597j),0.005
0.0509,(0.8636851060169346+0.4876404284182207j),0.005
0.051000000000000004,(0.8631783443530898+0.48850439930604556j),0.005
0.0511,(0.8626707186760474+0.4893678438813377j),0.005
0.0512,(0.8621622295318698+0.4902307612803679j),0.005
0.051300000000000005,(0.8616528774674528+0.4910931506399817j),0.005
0.0514,(0.86114266303059+0.4919550110975767j),0.005
0.051500000000000004,(0.860631586769918+0.49281634179113215j),0.005
0.0516,(0.8601196492349329+0.4936771418591896j),0.005
0.0517,(0.8596068509759938+0.4945374104408588j),0.005
0.051800000000000006,(0.8590931925443275+0.4953971466758217j),0.005
0.0519,(0.85857867449201+0.4962563497043332j),0.005
0.052000000000000005,(0.8580632973719855+0.4971150186672163j),0.005
0.0521,(0.8575470617380521+0.49797315270587117j),0.005
0.0522,(0.8570299681448569+0.4988307509622641j),0.005
0.0523,(0.8565120171479306+0.49968781257894795j),0.005
0.0524,(0.8559932093036261+0.5005443366990394j),0.005
0.052500000000000005,(0.8554735451691763+0.5014003224662391j),0.005
0.0526,(0.8549530253026674+0.5022557690248196j),0.005
0.052700000000000004,(0.8544316502630197+0.5031106755196334j),0.005
0.0528,(0.8539094206100407+0.5039650410961144j),0.005
0.0529,(0.8533863369043629+0.5048188649002726j),0.005
0.053000000000000005,(0.8528623997074898+0.5056721460786988j),0.005
0.0531,(0.852337609581767+0.5065248837785694j),0.005
0.053200000000000004,(0.8518119670903924+0.5073770771476374j),0.005
0.0533,(0.8512854727974292+0.5082287253342394j),0.005
0.0534,(0.8507581272677672+0.5090798274873033j),0.005
0.053500000000000006,(0.8502299310671667+0.509930382756333j),0.005
0.0536,(0.8497008847622295+0.5107803902914214j),0.005
0.053700000000000005,(0.8491709889204004+0.5116298492432483j),0.005
0.0538,(0.8486402441099878+0.5124787587630819j),0.005
0.0539,(0.8481086509001341+0.5133271180027739j),0.005
0.054,(0.8475762098608307+0.514174926114772j),0.005
0.0541,(0.8470429215629208+0.5150221822521056j),0.005
0.054200000000000005,(0.8465087865780885+0.5158688855684042j),0.005
0.0543,(0.8459738054788659+0.5167150352178805j),0.005
0.054400000000000004,(0.8454379788386297+0.5175606303553424j),0.005
0.0545,(0.8449013072315914+0.5184056701361948j),0.005
0.0546,(0.844363791232824+0.519250153716431j),0.005
0.054700000000000006,(0.8438254314182316+0.5200940802526441j),0.005
0.0548,(0.84328622836455+0.5209374489020188j),0.005
0.054900000000000004,(0.8427461826493833+0.5217802588223385j),0.005
0.055,(0.8422052948511544+0.5226225091719827j),0.005
0.0551,(0.8416635655491295+0.5234641991099319j),0.005
0.055200000000000006,(0.8411209953234254+0.5243053277957658j),0.005
0.0553,(0.8405775847549838+0.5251458943896588j),0.005
0.055400000000000005,(0.8400333344255945+0.5259858980523904j),0.005
0.0555,(0.8394882449178882+0.5268253379453414j),0.005
0.055600000000000004,(0.8389423168153128+0.5276642132304944j),0.005
0.0557,(0.8383955507021779+0.5285025230704363j),0.005
0.0558,(0.837847947163616+0.5293402666283573j),0.005
0.055900000000000005,(0.8372995067855912+0.5301774430680539j),0.005
0.056,(0.8367502301549115+0.5310140515539231j),0.005
0.056100000000000004,(0.8362001178592142+0.5318500912509798j),0.005
0.0562,(0.8356491704869676+0.5326855613248301j),0.005
0.0563,(0.8350973886274825+0.5335204609417086j),0.005
0.056400000000000006,(0.8345447728708901+0.5343547892684346j),0.005
0.0565,(0.8339913238081624+0.5351885454724636j),0.005
0.056600000000000004,(0.8334370420310886+0.536021728721841j),0.005
0.0567,(0.8328819281323037+0.5368543381852325j),0.005
0.0568,(0.8323259827052669+0.5376863730319205j),0.005
0.056900000000000006,(0.8317692063442664+0.5385178324317915j),0.005
0.057,(0.8312115996444128+0.539348715555352j),0.005
0.057100000000000005,(0.8306531632016538+0.5401790215737217j),0.005
0.0572,(0.8300938976127566+0.5410087496586337j),0.005
0.057300000000000004,(0.8295338034753228+0.5418378989824436j),0.005
0.0574,(0.8289728813877673+0.5426664687181206j),0.005
0.0575,(0.8284111319493451+0.543494458039253j),0.005
0.057600000000000005,(0.8278485557601223+0.5443218661200463j),0.005
0.0577,(0.8272851534210002+0.5451486921353255j),0.005
0.057800000000000004,(0.8267209255337017+0.5459749352605423j),0.005
0.0579,(0.8261558727007567+0.5468005946717618j),0.005
0.058,(0.8255899955255366+0.5476256695456788j),0.005
0.058100000000000006,(0.8250232946122263+0.5484501590596078j),0.005
0.0582,(0.8244557705658314+0.5492740623914818j),0.005
0.058300000000000005,(0.8238874239921739+0.5500973787198726j),0.005
0.0584,(0.8233182554979063+0.5509201072239591j),0.005
0.0585,(0.8227482656904916+0.5517422470835656j),0.005
0.058600000000000006,(0.8221774551782013+0.5525637974791301j),0.005
0.0587,(0.8216058245701469+0.5533847575917251j),0.005
0.058800000000000005,(0.821033374476241+0.5542051266030493j),0.005
0.0589,(0.8204601055072157+0.5550249036954327j),0.005
0.059000000000000004,(0.8198860182746135+0.5558440880518342j),0.005
0.0591,(0.8193111133908069+0.5566626788558421j),0.005
0.0592,(0.8187353914689649+0.5574806752916859j),0.005
0.059300000000000005,(0.8181588531230852+0.5582980765442178j),0.005
0.0594,(0.817581498967966+0.5591148817989299j),0.005
0.059500000000000004,(0.8170033296192211+0.559931090241943j),0.005
0.0596,(0.8164243456932833+0.5607467010600194j),0.005
0.0597,(0.8158445478073839+0.5615617134405555j),0.005
0.059800000000000006,(0.8152639365795782+0.5623761265715836j),0.005
0.0599,(0.8146825126287237+0.5631899396417736j),0.005
0.060000000000000005,(0.8141002765744825+0.5640031518404376j),0.005
0.0601,(0.8135172290373333+0.5648157623575208j),0.005
0.060200000000000004,(0.8129333706385554+0.5656277703836138j),0.005
0.0603,(0.8123487020002439+0.5664391751099513j),0.005
0.0604,(0.8117632237452905+0.5672499757283997j),0.005
0.060500000000000005,(0.8111769364973991+0.5680601714314711j),0.005
0.0606,(0.810589840881076+0.5688697614123324j),0.005
0.060700000000000004,(0.8100019375216323+0.5696787448647802j),0.005
0.0608,(0.809413227045183+0.5704871209832574j),0.005
0.0609,(0.8088237100786435+0.571294888962868j),0.005
0.061000000000000006,(0.8082333872497337+0.5721020479993405j),0.005
0.0611,(0.8076422591869828+0.5729085972890711j),0.005
0.061200000000000004,(0.8070503265197022+0.5737145360290908j),0.005
0.0613,(0.8064575898780271+0.5745198634170849j),0.005
0.0614,(0.8058640498928693+0.5753245786513859j),0.005
0.061500000000000006,(0.8052697071959555+0.5761286809309846j),0.005
0.0616,(0.8046745624198085+0.5769321694555094j),0.005
0.061700000000000005,(0.8040786161977409+0.5777350434252544j),0.005
0.0618,(0.8034818691638662+0.5785373020411604j),0.005
0.061900000000000004,(0.8028843219530992+0.5793389445048166j),0.005
0.062,(0.8022859752011493+0.5801399700184833j),0.005
0.0621,(0.8016868295445121+0.5809403777850604j),0.005
0.062200000000000005,(0.8010868856204877+0.5817401670081096j),0.005
0.0623,(0.8004861440671585+0.5825393368918484j),0.005
0.062400000000000004,(0.7998846055234133+0.5833378866411534j),0.005
0.0625,(0.7992822706289266+0.584135815461566j),0.005
0.0626,(0.7986791400241602+0.5849331225592681j),0.005
0.0627,(0.798075214350377+0.5857298071411264j),0.005
0.06280000000000001,(0.7974704942496187+0.5865258684146484j),0.005
0.0629,(0.7968649803647253+0.5873213055880157j),0.005
0.063,(0.7962586733393222+0.5881161178700629j),0.005
0.0631,(0.7956515738178186+0.588910304470295j),0.005
0.0632,(0.795043682445425+0.5897038645988792j),0.005
0.06330000000000001,(0.7944349998681179+0.5904967974666527j),0.005
0.0634,(0.7938255267326837+0.5912891022851021j),0.005
0.0635,(0.793215263686672+0.5920807782663965j),0.005
0.0636,(0.7926042113784354+0.5928718246233712j),0.005
0.0637,(0.791992370457097+0.5936622405695154j),0.005
0.06380000000000001,(0.7913797415725651+0.5944520253190024j),0.005
0.0639,(0.7907663253755437+0.5952411780866714j),0.005
0.064,(0.7901521225174992+0.596029698088028j),0.005
0.0641,(0.7895371336506946+0.5968175845392499j),0.005
0.06420000000000001,(0.7889213594281707+0.597604836657186j),0.005
0.06430000000000001,(0.7883048005037432+0.5983914536593677j),0.005
0.0644,(0.7876874575320091+0.5991774347639809j),0.005
0.0645,(0.7870693311683435+0.5999627791899002j),0.005
0.0646,(0.7864504220689005+0.6007474861566745j),0.005
0.06470000000000001,(0.7858307308906166+0.6015315548845236j),0.005
0.0648,(0.7852102582911894+0.6023149845943438j),0.005
0.0649,(0.7845890049291121+0.6030977745077157j),0.005
0.065,(0.7839669714636345+0.6038799238468833j),0.005
0.0651,(0.7833441585547926+0.6046614318347876j),0.005
0.06520000000000001,(0.782720566863395+0.6054422976950373j),0.005
0.0653,(0.782096197051018+0.6062225206519244j),0.005
0.0654,(0.7814710497800166+0.60700209993042j),0.005
0.0655,(0.7808451257135081+0.6077810347561845j),0.005
0.0656,(0.7802184255153923+0.6085593243555548j),0.005
0.06570000000000001,(0.7795909498503278+0.6093369679555479j),0.005
0.0658,(0.7789626993837544+0.6101139647838747j),0.005
0.0659,(0.7783336747818653+0.6108903140689229j),0.005
0.066,(0.7777038767116418+0.6116660150397688j),0.005
0.0661,(0.7770733058408135+0.6124410669261818j),0.005
0.06620000000000001,(0.7764419628378908+0.6132154689585998j),0.005
0.0663,(0.7758098483721375+0.6139892203681748j),0.005
0.0664,(0.7751769631135891+0.6147623203867266j),0.005
0.0665,(0.7745433077330538+0.6155347682467677j),0.005
0.0666,(0.7739088829020836+0.6163065631815151j),0.005
0.06670000000000001,(0.7732736892930162+0.6170777044248602j),0.005
0.0668,(0.7726377275789356+0.6178481912113959j),0.005
0.0669,(0.7720009984336931+0.6186180227764018j),0.005
0.067,(0.7713635025319007+0.6193871983558557j),0.005
0.0671,(0.7707252405489312+0.6201557171864265j),0.005
0.06720000000000001,(0.7700862131609136+0.6209235785054823j),0.005
0.0673,(0.7694464210447374+0.621690781551081j),0.005
0.0674,(0.7688058648780604+0.6224573255619777j),0.005
0.0675,(0.7681645453392782+0.623223209777631j),0.005
0.06760000000000001,(0.7675224631075542+0.6239884334381876j),0.005
0.06770000000000001,(0.7668796188628136+0.6247529957845034j),0.005
0.0678,(0.7662360132857263+0.6255168960581248j),0.005
0.0679,(0.7655916470577182+0.6262801335013023j),0.005
0.068,(0.7649465208609767+0.6270427073569893j),0.005
0.06810000000000001,(0.7643006353784301+0.6278046168688362j),0.005
0.0682,(0.7636539912937679+0.6285658612812013j),0.005
0.0683,(0.7630065892914346+0.6293264398391354j),0.005
0.0684,(0.762358430056616+0.6300863517884101j),0.005
0.0685,(0.761709514275252+0.6308455963754837j),0.005
0.06860000000000001,(0.7610598426340303+0.6316041728475345j),0.005
0.0687,(0.7604094158203926+0.6323620804524372j),0.005
0.0688,(0.7597582345225297+0.6331193184387789j),0.005
0.0689,(0.7591062994293645+0.6338758860558504j),0.005
0.069,(0.7584536112305794+0.6346317825536533j),0.005
0.06910000000000001,(0.7578001706166069+0.6353870071828998j),0.005
0.0692,(0.7571459782786145+0.6361415591950087j),0.005
0.0693,(0.7564910349085178+0.636895437842111j),0.005
0.0694,(0.7558353411989746+0.6376486423770434j),0.005
0.0695,(0.7551788978433924+0.6384011720533698j),0.005
0.06960000000000001,(0.7545217055359075+0.639153026125351j),0.005
0.0697,(0.7538637649714092+0.6399042038479692j),0.005
0.0698,(0.7532050768455256+0.6406547044769152j),0.005
0.0699,(0.7525456418546203+0.641404527268602j),0.005
0.07,(0.7518854606958+0.6421536714801532j),0.005
0.07010000000000001,(0.7512245340669107+0.6429021363694126j),0.005
0.0702,(0.7505628626665285+0.6436499211949394j),0.005
0.0703,(0.7499004471939777+0.6443970252160097j),0.005
0.0704,(0.7492372883493091+0.6451434476926189j),0.005
0.07050000000000001,(0.7485733868333173+0.6458891878854793j),0.005
0.07060000000000001,(0.7479087433475311+0.6466342450560343j),0.005
0.0707,(0.7472433585942009+0.6473786184664312j),0.005
0.0708,(0.7465772332763225+0.6481223073795531j),0.005
0.0709,(0.7459103680976259+0.6488653110589965j),0.005
0.07100000000000001,(0.7452427637625666+0.6496076287690863j),0.005
0.0711,(0.7445744209763306+0.6503492597748725j),0.005
0.0712,(0.7439053404448386+0.6510902033421199j),0.005
0.0713,(0.743235522874738+0.651830458737328j),0.005
0.0714,(0.7425649689734077+0.6525700252277209j),0.005
0.07150000000000001,(0.7418936794489518+0.6533089020812497j),0.005
0.0716,(0.7412216550102069+0.654047088566584j),0.005
0.0717,(0.7405488963667275+0.6547845839531398j),0.005
0.0718,(0.7398754042288017+0.6555213875110377j),0.005
0.0719,(0.7392011793074403+0.6562574985111469j),0.005
0.07200000000000001,(0.7385262223143753+0.6569929162250605j),0.005
0.0721,(0.737850533962069+0.6577276399251071j),0.005
0.0722,(0.7371741149637004+0.6584616688843359j),0.005
0.0723,(0.7364969660331789+0.6591950023765402j),0.005
0.0724,(0.7358190878851228+0.6599276396762437j),0.005
0.07250000000000001,(0.7351404812348774+0.6606595800586944j),0.005
0.0726,(0.734461146798513+0.6613908227998928j),0.005
0.0727,(0.7337810852928144+0.6621213671765548j),0.005
0.0728,(0.7331002974352817+0.6628512124661486j),0.005
0.0729,(0.7324187839441367+0.6635803579468705j),0.005
0.07300000000000001,(0.7317365455383166+0.6643088028976533j),0.005
0.0731,(0.7310535829374751+0.6650365465981773j),0.005
0.0732,(0.7303698968619824+0.6657635883288531j),0.005
0.0733,(0.7296854880329231+0.6664899273708268j),0.005
0.0734,(0.7290003571720929+0.6672155630059994j),0.005
0.07350000000000001,(0.7283145050019991+0.6679404945170007j),0.005
0.0736,(0.7276279322458727+0.6686647211872073j),0.005
0.0737,(0.7269406396276441+0.6693882423007406j),0.005
0.0738,(0.7262526278719538+0.6701110571424534j),0.005
0.07390000000000001,(0.7255638977041657+0.6708331649979575j),0.005
0.07400000000000001,(0.7248744498503394+0.6715545651536002j),0.005
0.0741,(0.7241842850372489+0.6722752568964768j),0.005
0.0742,(0.7234934039923729+0.6729952395144222j),0.005
0.0743,(0.7228018074439045+0.6737145122960329j),0.005
0.07440000000000001,(0.7221094961207348+0.674433074530639j),0.005
0.0745,(0.7214164707524615+0.6751509255083192j),0.005
0.0746,(0.7207227320693929+0.6758680645199101j),0.005
0.0747,(0.7200282808025348+0.6765844908569901j),0.005
0.0748,(0.7193331176835945+0.6773002038118892j),0.005
0.07490000000000001,(0.7186372434449911+0.6780152026776931j),0.005
0.075,(0.7179406588198396+0.6787294867482346j),0.005
0.0751,(0.717243364541952+0.679443055318091j),0.005
0.0752,(0.7165453613458485+0.6801559076826104j),0.005
0.0753,(0.7158466499667414+0.6808680431378811j),0.005
0.07540000000000001,(0.7151472311405491+0.6815794609807484j),0.005
0.0755,(0.7144471056038763+0.6822901605088125j),0.005
0.0756,(0.7137462740940377+0.6830001410204387j),0.005
0.0757,(0.7130447373490341+0.6837094018147325j),0.005
0.0758,(0.7123424961075666+0.684417942191563j),0.005
0.07590000000000001,(0.7116395511090328+0.6851257614515633j),0.005
0.076,(0.7109359030935172+0.6858328588961209j),0.005
0.0761,(0.7102315528018041+0.6865392338273774j),0.005
0.0762,(0.709526500975368+0.68724488554824j),0.005
0.0763,(0.7088207483563745+0.687949813362376j),0.005
0.07640000000000001,(0.7081142956876781+0.6886540165742148j),0.005
0.0765,(0.7074071437128279+0.6893574944889379j),0.005
0.0766,(0.7066992931760561+0.6900602464125044j),0.005
0.0767,(0.7059907448222877+0.6907622716516277j),0.005
0.07680000000000001,(0.7052814993971352+0.691463569513787j),0.005
0.07690000000000001,(0.7045715576468968+0.6921641393072238j),0.005
0.077,(0.7038609203185572+0.6928639803409491j),0.005
0.0771,(0.7031495881597846+0.6935630919247396j),0.005
0.0772,(0.7024375619189374+0.6942614733691319j),0.005
0.07730000000000001,(0.7017248423450481+0.6949591239854411j),0.005
0.07740000000000001,(0.7010114301878401+0.6956560430857406j),0.005
0.0775,(0.7002973261977112+0.6963522299828735j),0.005
0.0776,(0.6995825311257577+0.6970476839904576j),0.005
0.0777,(0.6988670457237318+0.6977424044228828j),0.005
0.07780000000000001,(0.6981508707440871+0.6984363905952955j),0.005
0.0779,(0.6974340069399406+0.6991296418236329j),0.005
0.078,(0.6967164550651002+0.6998221574245841j),0.005
0.0781,(0.695998215874042+0.7005139367156288j),0.005
0.0782,(0.6952792901219209+0.7012049790150067j),0.005
0.07830000000000001,(0.6945596785645697+0.7018952836417434j),0.005
0.0784,(0.6938393819584926+0.7025848499156301j),0.005
0.0785,(0.6931184010608727+0.7032736771572344j),0.005
0.0786,(0.6923967366295675+0.7039617646879028j),0.005
0.0787,(0.6916743894230946+0.704649111829762j),0.005
0.07880000000000001,(0.6909513602006627+0.7053357179057079j),0.005
0.0789,(0.6902276497221335+0.7060215822394197j),0.005
0.079,(0.6895032587480514+0.7067067041553521j),0.005
0.0791,(0.688778188039627+0.7073910829787459j),0.005
0.0792,(0.6880524383587344+0.7080747180356107j),0.005
0.07930000000000001,(0.6873260104679231+0.7087576086527503j),0.005
0.0794,(0.6865989051304031+0.7094397541577384j),0.005
0.0795,(0.6858711231100579+0.7101211538789374j),0.005
0.0796,(0.6851426651714256+0.7108018071454882j),0.005
0.07970000000000001,(0.6844135320797219+0.7114817132873208j),0.005
0.07980000000000001,(0.6836837246008138+0.7121608716351413j),0.005
0.0799,(0.6829532435012431+0.7128392815204485j),0.005
0.08,(0.6822220895482032+0.7135169422755248j),0.005
0.0801,(0.6814902635095585+0.7141938532334312j),0.005
0.08020000000000001,(0.6807577661538277+0.7148700137280244j),0.005
0.08030000000000001,(0.6800245982501928+0.7155454230939408j),0.005
0.0804,(0.6792907605684869+0.7162200806666156j),0.005
0.0805,(0.6785562538792148+0.7168939857822634j),0.005
0.0806,(0.6778210789535295+0.7175671377778903j),0.005
0.08070000000000001,(0.6770852365632399+0.7182395359912876j),0.005
0.08080000000000001,(0.676348727480815+0.7189111797610498j),0.005
0.0809,(0.6756115524793769+0.719582068426552j),0.005
0.081,(0.6748737123327033+0.720252201327965j),0.005
0.0811,(0.6741352078152203+0.7209215778062481j),0.005
0.08120000000000001,(0.6733960397020137+0.7215901972031601j),0.005
0.0813,(0.6726562087688163+0.72225805886125j),0.005
0.0814,(0.6719157157920153+0.7229251621238583j),0.005
0.0815,(0.6711745615486443+0.723591506335127j),0.005
0.0816,(0.6704327468163825+0.7242570908399961j),0.005
0.08170000000000001,(0.6696902723735724+0.7249219149841868j),0.005
0.0818,(0.6689471389991881+0.7255859781142361j),0.005
0.0819,(0.6682033474728591+0.7262492795774599j),0.005
0.082,(0.6674588985748544+0.7269118187219915j),0.005
0.0821,(0.6667137930860985+0.7275735948967479j),0.005
0.08220000000000001,(0.6659680317881532+0.7282346074514547j),0.005
0.0823,(0.6652216154632208+0.7288948557366346j),0.005
0.0824,(0.6644745448941608+0.7295543391036114j),0.005
0.0825,(0.6637268208644498+0.730213056904508j),0.005
0.0826,(0.6629784441582326+0.7308710084922568j),0.005
0.08270000000000001,(0.662229415560277+0.7315281932205834j),0.005
0.0828,(0.6614797358559904+0.7321846104440197j),0.005
0.0829,(0.6607294058314339+0.7328402595179122j),0.005
0.083,(0.6599784262732887+0.7334951397983892j),0.005
0.08310000000000001,(0.6592267979688804+0.7341492506424061j),0.005
0.08320000000000001,(0.6584745217061774+0.7348025914077212j),0.005
0.0833,(0.6577215982737699+0.7354551614528844j),0.005
0.0834,(0.6569680284608912+0.7361069601372691j),0.005
0.0835,(0.6562138130574122+0.7367579868210486j),0.005
0.08360000000000001,(0.6554589528538195+0.7374082408652031j),0.005
0.08370000000000001,(0.6547034486412527+0.7380577216315344j),0.005
0.0838,(0.6539473012114764+0.7387064284826328j),0.005
0.0839,(0.653190511356874+0.7393543607819171j),0.005
0.084,(0.6524330798704683+0.7400015178936058j),0.005
0.08410000000000001,(0.6516750075459151+0.7406478991827395j),0.005
0.08420000000000001,(0.6509162951774857+0.7412935040151631j),0.005
0.0843,(0.6501569435600932+0.7419383317575378j),0.005
0.0844,(0.6493969534892634+0.7425823817773318j),0.005
0.0845,(0.6486363257611553+0.7432256534428368j),0.005
0.08460000000000001,(0.6478750611725487+0.7438681461231529j),0.005
0.0847,(0.6471131605208512+0.7445098591881959j),0.005
0.0848,(0.6463506246040891+0.7451507920087018j),0.005
0.0849,(0.6455874542209138+0.7457909439562183j),0.005
0.085,(0.6448236501705985+0.7464303144031149j),0.005
0.08510000000000001,(0.6440592132530291+0.7470689027225691j),0.005
0.0852,(0.6432941442687222+0.7477067082885878j),0.005
0.0853,(0.6425284440188098+0.748343730475994j),0.005
0.0854,(0.6417621133050347+0.7489799686604276j),0.005
0.0855,(0.6409951529297659+0.7496154222183459j),0.005
0.08560000000000001,(0.6402275636959849+0.7502500905270368j),0.005
0.0857,(0.6394593464072837+0.7508839729646034j),0.005
0.0858,(0.6386905018678777+0.7515170689099663j),0.005
0.0859,(0.6379210308825909+0.7521493777428756j),0.005
0.08600000000000001,(0.6371509342568616+0.7527808988439083j),0.005
0.08610000000000001,(0.6363802127967442+0.7534116315944497j),0.005
0.0862,(0.6356088673088931+0.7540415753767253j),0.005
0.0863,(0.6348368986005822+0.7546707295737776j),0.005
0.0864,(0.6340643074796933+0.7552990935694767j),0.005
0.08650000000000001,(0.6332910947547125+0.7559266667485217j),0.005
0.08660000000000001,(0.6325172612347431+0.7565534484964325j),0.005
0.0867,(0.6317428077294872+0.7571794381995598j),0.005
0.0868,(0.630967735049254+0.757804635245088j),0.005
0.0869,(0.6301920440049583+0.7584290390210154j),0.005
0.08700000000000001,(0.6294157354081198+0.759052648916182j),0.005
0.08710000000000001,(0.6286388100708683+0.7596754643202563j),0.005
0.0872,(0.6278612688059224+0.7602974846237316j),0.005
0.0873,(0.6270831124266157+0.7609187092179409j),0.005
0.0874,(0.6263043417468775+0.7615391374950354j),0.005
0.08750000000000001,(0.6255249575812335+0.7621587688480125j),0.005
0.0876,(0.6247449607448177+0.7627776026706946j),0.005
0.0877,(0.6239643520533517+0.7633956383577398j),0.005
0.0878,(0.6231831323231675+0.7640128753046431j),0.005
0.0879,(0.6224013023711826+0.7646293129077231j),0.005
0.08800000000000001,(0.6216188630149135+0.7652449505641441j),0.005
0.0881,(0.6208358150724752+0.7658597876719039j),0.005
0.0882,(0.6200521593625733+0.7664738236298405j),0.005
0.0883,(0.6192678967045085+0.767087057837618j),0.005
0.0884,(0.6184830279181759+0.7676994896957409j),0.005
0.08850000000000001,(0.617697553824053+0.7683111186055634j),0.005
0.0886,(0.6169114752432258+0.7689219439692637j),0.005
0.0887,(0.6161247929973528+0.7695319651898715j),0.005
0.0888,(0.6153375079086872+0.770141181671244j),0.005
0.0889,(0.6145496208000737+0.7707495928180921j),0.005
0.08900000000000001,(0.6137611324949409+0.7713571980359519j),0.005
0.0891,(0.6129720438173111+0.7719639967312137j),0.005
0.0892,(0.6121823555917785+0.7725699883111141j),0.005
0.0893,(0.6113920686435328+0.7731751721837098j),0.005
0.08940000000000001,(0.6106011837983465+0.7737795477579276j),0.005
0.08950000000000001,(0.6098097018825687+0.7743831144435182j),0.005
0.0896,(0.6090176237231365+0.7749858716510912j),0.005
0.0897,(0.6082249501475702+0.7755878187920846j),0.005
0.0898,(0.6074316819839684+0.7761889552788044j),0.005
0.08990000000000001,(0.606637820061005+0.7767892805243822j),0.005
0.09000000000000001,(0.6058433652079351+0.777388793942805j),0.005
0.0901,(0.6050483182545977+0.7779874949489077j),0.005
0.0902,(0.6042526800314013+0.7785853829583715j),0.005
0.0903,(0.6034564513693282+0.7791824573877303j),0.005
0.09040000000000001,(0.6026596330999481+0.7797787176543566j),0.005
0.09050000000000001,(0.6018622260553944+0.7803741631764811j),0.005
0.0906,(0.6010642310683794+0.780968793373187j),0.005
0.0907,(0.60026564897218+0.7815626076644013j),0.005
0.0908,(0.5994664806006641+0.7821556054709018j),0.005
0.09090000000000001,(0.5986667267882427+0.78274778621432j),0.005
0.091,(0.5978663883699217+0.7833391493171489j),0.005
0.0911,(0.5970654661812569+0.7839296942027175j),0.005
0.0912,(0.5962639610583923+0.7845194202952256j),0.005
0.0913,(0.5954618738380201+0.7851083270197133j),0.005
0.09140000000000001,(0.5946592053574147+0.7856964138020823j),0.005
0.0915,(0.593855956454404+0.7862836800690833j),0.005
0.0916,(0.5930521279673875+0.7868701252483337j),0.005
0.0917,(0.5922477207353278+0.7874557487683035j),0.005
0.0918,(0.5914427355977494+0.788040550058306j),0.005
0.09190000000000001,(0.5906371733947393+0.7886245285485305j),0.005
0.092,(0.589831034966948+0.7892076836700178j),0.005
0.0921,(0.589024321155581+0.7897900148546629j),0.005
0.0922,(0.5882170328024109+0.7903715215352218j),0.005
0.09230000000000001,(0.5874091707497644+0.7909522031453163j),0.005
0.09240000000000001,(0.5866007358405184+0.7915320591194185j),0.005
0.0925,(0.5857917289181276+0.7921110888928702j),0.005
0.0926,(0.5849821508265818+0.792689291901868j),0.005
0.0927,(0.5841720024104395+0.7932666675834712j),0.005
0.09280000000000001,(0.5833612845148046+0.7938432153756061j),0.005
0.09290000000000001,(0.5825499979853431+0.7944189347170592j),0.005
0.093,(0.5817381436682607+0.7949938250474767j),0.005
0.0931,(0.5809257224103267+0.7955678858073743j),0.005
0.0932,(0.5801127350588653+0.7961411164381289j),0.005
0.09330000000000001,(0.5792991824617291+0.796713516381992j),0.005
0.09340000000000001,(0.5784850654673388+0.7972850850820608j),0.005
0.0935,(0.5776703849246597+0.7978558219823135j),0.005
0.0936,(0.5768551416832018+0.7984257265275926j),0.005
0.0937,(0.5760393365930182+0.7989947981636109j),0.005
0.09380000000000001,(0.5752229705047202+0.7995630363369408j),0.005
0.09390000000000001,(0.5744060442694444+0.8001304404950246j),0.005
0.094,(0.573588558738885+0.8006970100861819j),0.005
0.0941,(0.572770514765279+0.8012627445595971j),0.005
0.0942,(0.5719519132013986+0.8018276433653202j),0.005
0.09430000000000001,(0.5711327549005626+0.8023917059542689j),0.005
0.0944,(0.5703130407166224+0.8029549317782508j),0.005
0.0945,(0.56949277150398+0.8035173202899204j),0.005
0.0946,(0.5686719481175705+0.8040788709428242j),0.005
0.0947,(0.5678505714128596+0.804639583191368j),0.005
0.09480000000000001,(0.5670286422458608+0.8051994564908347j),0.005
0.0949,(0.5662061614731159+0.8057584902973876j),0.005
0.095,(0.5653831299517055+0.8063166840680517j),0.005
0.0951,(0.5645595485392406+0.806874037260741j),0.005
0.0952,(0.5637354180938678+0.8074305493342269j),0.005
0.09530000000000001,(0.5629107394742712+0.8079862197481771j),0.005
0.0954,(0.5620855135396542+0.8085410479631184j),0.005
0.0955,(0.561259741149754+0.8090950334404612j),0.005
0.0956,(0.5604334231648455+0.8096481756424971j),0.005
0.09570000000000001,(0.5596065604457259+0.810200474032388j),0.005
0.09580000000000001,(0.5587791538537183+0.8107519280741788j),0.005
0.0959,(0.5579512042506797+0.8113025372327911j),0.005
0.096,(0.5571227124989819+0.8118523009740287j),0.005
0.0961,(0.5562936794615344+0.8124012187645733j),0.005
0.09620000000000001,(0.5554641060017558+0.8129492900719829j),0.005
0.09630000000000001,(0.5546339929836075+0.8134965143647092j),0.005
0.0964,(0.553803341271558+0.8140428911120678j),0.005
0.0965,(0.5529721517305982+0.8145884197842705j),0.005
0.0966,(0.5521404252262477+0.8151330998524036j),0.005
0.09670000000000001,(0.5513081626245333+0.8156769307884393j),0.005
0.09680000000000001,(0.5504753647920188+0.8162199120652355j),0.005
0.0969,(0.5496420325957707+0.816762043156529j),0.005
0.097,(0.5488081669033736+0.8173033235369431j),0.005
0.0971,(0.5479737685829331+0.8178437526819892j),0.005
0.09720000000000001,(0.5471388385030672+0.8183833300680621j),0.005
0.09730000000000001,(0.5463033775329129+0.8189220551724372j),0.005
0.0974,(0.5454673865421121+0.8194599274732837j),0.005
0.0975,(0.5446308664008258+0.8199969464496595j),0.005
0.0976,(0.543793817979724+0.8205331115815014j),0.005
0.09770000000000001,(0.5429562421499852+0.8210684223496423j),0.005
0.0978,(0.5421181397833069+0.8216028782357987j),0.005
0.0979,(0.5412795117518797+0.8221364787225711j),0.005
0.098,(0.5404403589284155+0.8226692232934659j),0.005
0.0981,(0.5396006821861251+0.8232011114328677j),0.005
0.09820000000000001,(0.5387604823987304+0.8237321426260461j),0.005
0.0983,(0.5379197604404575+0.8242623163591771j),0.005
0.0984,(0.5370785171860343+0.824791632119321j),0.005
0.0985,(0.536236753510698+0.8253200893944223j),0.005
0.09860000000000001,(0.5353944702901741+0.8258476876733287j),0.005
0.09870000000000001,(0.5345516684007106+0.8263744264457747j),0.005
0.0988,(0.5337083487190344+0.8269003052023982j),0.005
0.0989,(0.5328645121223902+0.8274253234347148j),0.005
0.099,(0.5320201594885107+0.8279494806351485j),0.005
0.09910000000000001,(0.5311752916956315+0.8284727762970107j),0.005
0.09920000000000001,(0.53032990962248+0.8289952099145149j),0.005
0.0993,(0.5294840141482836+0.8295167809827618j),0.005
0.0994,(0.5286376061527632+0.8300374889977554j),0.005
0.0995,(0.5277906865161349+0.8305573334563948j),0.005
0.09960000000000001,(0.5269432561191125+0.8310763138564685j),0.005
0.09970000000000001,(0.5260953158428912+0.8315944296966793j),0.005
0.0998,(0.5252468665691673+0.8321116804766179j),0.005
0.0999,(0.524397909180125+0.8326280656967734j),0.005
0.1,(0.5235484445584345+0.8331435848585319j),0.005
0.10010000000000001,(0.522698473587256+0.833658237464196j),0.005
0.10020000000000001,(0.5218479971502478+0.8341720230169403j),0.005
0.1003,(0.5209970161315401+0.8346849410208657j),0.005
0.1004,(0.5201455314157536+0.8351969909809595j),0.005
0.1005,(0.5192935438880003+0.8357081724031193j),0.005
0.10060000000000001,(0.5184410544338686+0.8362184847941406j),0.005
0.10070000000000001,(0.5175880639394387+0.836727927661722j),0.005
0.1008,(0.5167345732912599+0.837236500514465j),0.005
0.1009,(0.5158805833763782+0.8377442028618716j),0.005
0.101,(0.5150260950823081+0.8382510342143542j),0.005
0.10110000000000001,(0.5141711092970483+0.838756994083231j),0.005
0.1012,(0.5133156269090758+0.8392620819807113j),0.005
0.1013,(0.5124596488073492+0.8397662974199314j),0.005
0.1014,(0.5116031758812952+0.8402696399149103j),0.005
0.1015,(0.5107462090208246+0.8407721089805917j),0.005
0.10160000000000001,(0.509888749116318+0.8412737041328141j),0.005
0.1017,(0.5090307970586323+0.8417744248883369j),0.005
0.1018,(0.5081723537390951+0.8422742707648081j),0.005
0.1019,(0.5073134200495105+0.8427732412808052j),0.005
0.10200000000000001,(0.5064539968821518+0.8432713359557973j),0.005
0.10210000000000001,(0.5055940851297583+0.8437685543101683j),0.005
0.1022,(0.5047336856855438+0.8442648958652186j),0.005
0.1023,(0.5038727994431879+0.8447603601431513j),0.005
0.1024,(0.5030114272968456+0.8452549466670751j),0.005
0.10250000000000001,(0.5021495701411226+0.8457486549610187j),0.005
0.10260000000000001,(0.5012872288711059+0.8462414845499254j),0.005
0.1027,(0.5004244043823362+0.8467334349596439j),0.005
0.1028,(0.4995610975708263+0.8472245057169318j),0.005
0.1029,(0.49869730933304585+0.847714696349462j),0.005
0.10300000000000001,(0.49783304056592803+0.8482040063858248j),0.005
0.10310000000000001,(0.496968292166872+0.8486924353555282j),0.005
0.1032,(0.4961030650337292+0.8491799827889782j),0.005
0.1033,(0.49523736006481245+0.8496666482175123j),0.005
0.1034,(0.49437117815889764+0.8501524311733716j),0.005
0.10350000000000001,(0.49350452021521274+0.8506373311897234j),0.005
0.10360000000000001,(0.49263738713344196+0.8511213478006358j),0.005
0.1037,(0.49176977981373055+0.8516044805411125j),0.005
0.1038,(0.4909016991566694+0.8520867289470571j),0.005
0.1039,(0.49003314606331244+0.8525680925552959j),0.005
0.10400000000000001,(0.4891641214351592+0.8530485709035825j),0.005
0.1041,(0.48829462617416464+0.8535281635305718j),0.005
0.1042,(0.4874246611827309+0.8540068699758508j),0.005
0.1043,(0.48655422736371423+0.8544846897799176j),0.005
0.1044,(0.4856833256204179+0.8549616224841968j),0.005
0.10450000000000001,(0.48481195685659195+0.8554376676310234j),0.005
0.1046,(0.4839401219764368+0.8559128247636685j),0.005
0.1047,(0.48306782188459246+0.8563870934263036j),0.005
0.1048,(0.4821950574861527+0.85686047316404j),0.005
0.10490000000000001,(0.4813218296866455+0.8573329635228952j),0.005
0.10500000000000001,(0.4804481393920527+0.8578045640498217j),0.005
0.1051,(0.47957398750879165+0.8582752742926901j),0.005
0.1052,(0.4786993749437221+0.8587450938002849j),0.005
0.1053,(0.4778243026041453+0.859214022122331j),0.005
0.10540000000000001,(0.47694877139780034+0.8596820588094622j),0.005
0.10550000000000001,(0.4760727822328697+0.8601492034132447j),0.005
0.1056,(0.47519633601796757+0.8606154554861707j),0.005
0.1057,(0.47431943366214735+0.8610808145816494j),0.005
0.1058,(0.47344207607489686+0.861545280254019j),0.005
0.10590000000000001,(0.472564264166143+0.8620088520585516j),0.005
0.10600000000000001,(0.471685998846237+0.8624715295514339j),0.005
0.1061,(0.4708072810259757+0.8629333122897842j),0.005
0.1062,(0.46992811161657966+0.8633941998316543j),0.005
0.1063,(0.4690484915296999+0.8638541917360077j),0.005
0.10640000000000001,(0.4681684216774249+0.8643132875627555j),0.005
0.10650000000000001,(0.4672879029722634+0.8647714868727227j),0.005
0.1066,(0.4664069363271565+0.8652287892276708j),0.005
0.1067,(0.46552552265547426+0.8656851941902853j),0.005
0.1068,(0.4646436628710088+0.8661407013241873j),0.005
0.10690000000000001,(0.463761357887981+0.8665953101939246j),0.005
0.10700000000000001,(0.46287860862103497+0.8670490203649748j),0.005
0.1071,(0.4619954159852392+0.8675018314037473j),0.005
0.1072,(0.4611117808960819+0.8679537428775839j),0.005
0.1073,(0.4602277042694763+0.8684047543547623j),0.005
0.10740000000000001,(0.45934318702175353+0.8688548654044812j),0.005
0.1075,(0.4584582300696654+0.8693040755968798j),0.005
0.1076,(0.4575728343303829+0.8697523845030347j),0.005
0.1077,(0.4566870007214973+0.8701997916949413j),0.005
0.1078,(0.45580073016100753+0.8706462967455475j),0.005
0.10790000000000001,(0.454914023567338+0.87109189922872j),0.005
0.108,(0.4540268818593287+0.871536598719266j),0.005
0.1081,(0.4531393059562258+0.8719803947929281j),0.005
0.1082,(0.45225129677769005+0.8724232870263874j),0.005
0.10830000000000001,(0.4513628552438+0.8728652749972543j),0.005
0.10840000000000001,(0.450473982275039+0.8733063582840781j),0.005
0.1085,(0.4495846787923081+0.8737465364663499j),0.005
0.1086,(0.4486949457169074+0.8741858091244902j),0.005
0.1087,(0.44780478397055384+0.8746241758398626j),0.005
0.10880000000000001,(0.4469141944753671+0.8750616361947594j),0.005
0.10890000000000001,(0.4460231781538765+0.8754981897724232j),0.005
0.109,(0.4451317359290134+0.8759338361570288j),0.005
0.1091,(0.4442398687241141+0.876368574933695j),0.005
0.1092,(0.44334757746292125+0.8768024056884758j),0.005
0.10930000000000001,(0.44245486306957693+0.877235328008354j),0.005
0.10940000000000001,(0.4415617264686238+0.8776673414812786j),0.005
0.1095,(0.44066816858501123+0.8780984456961172j),0.005
0.1096,(0.4397741903440844+0.8785286402426912j),0.005
0.1097,(0.4388797926715825+0.8789579247117528j),0.005
0.10980000000000001,(0.43798497649365287+0.8793862986950007j),0.005
0.10990000000000001,(0.43708974273682677+0.8798137617850796j),0.005
0.11,(0.4361940923280491+0.8802403135755756j),0.005
0.1101,(0.43529802619463454+0.8806659536610069j),0.005
0.1102,(0.43440154526431934+0.8810906816368562j),0.005
0.11030000000000001,(0.4335046504652085+0.8815144970995255j),0.005
0.11040000000000001,(0.4326073427258194+0.8819373996463823j),0.005
0.1105,(0.43170962297504334+0.882359388875722j),0.005
0.1106,(0.43081149214217396+0.8827804643867965j),0.005
0.1107,(0.42991295115688644+0.8832006257797955j),0.005
0.11080000000000001,(0.4290140009492491+0.8836198726558622j),0.005
0.1109,(0.4281146424497132+0.8840382046170716j),0.005
0.111,(0.4272148765891208+0.8844556212664644j),0.005
0.1111,(0.42631470429869517+0.8848721222080098j),0.005
0.11120000000000001,(0.4254141265100429+0.8852877070466377j),0.005
0.11130000000000001,(0.42451314415516256+0.8857023753882187j),0.005
0.1114,(0.4236117581664248+0.8861161268395706j),0.005
0.1115,(0.42270996947658557+0.8865289610084592j),0.005
0.1116,(0.42180777901878413+0.8869408775036018j),0.005
0.11170000000000001,(0.4209051877265349+0.8873518759346701j),0.005
0.11180000000000001,(0.42000219653373133+0.8877619559122721j),0.005
0.1119,(0.4190988063746512+0.8881711170479748j),0.005
0.112,(0.41819501818393445+0.888579358954292j),0.005
0.1121,(0.4172908328966135+0.8889866812446906j),0.005
0.11220000000000001,(0.41638625144808383+0.8893930835335762j),0.005
0.11230000000000001,(0.4154812747741182+0.8897985654363272j),0.005
0.1124,(0.4145759038108628+0.8902031265692565j),0.005
0.1125,(0.4136701394948348+0.8906067665496389j),0.005
0.1126,(0.41276398276292287+0.8910094849956913j),0.005
0.11270000000000001,(0.4118574345523839+0.8914112815265882j),0.005
0.11280000000000001,(0.4109504958008451+0.8918121557624595j),0.005
0.1129,(0.41004316744630226+0.8922121073243866j),0.005
0.113,(0.4091354504271137+0.8926111358344051j),0.005
0.1131,(0.4082273456820087+0.8930092409155016j),0.005
0.11320000000000001,(0.4073188541500807+0.8934064221916195j),0.005
0.11330000000000001,(0.40640997677078483+0.8938026792876561j),0.005
0.1134,(0.4055007144839414+0.8941980118294617j),0.005
0.1135,(0.404591068229729+0.8945924194438524j),0.005
0.1136,(0.4036810389486978+0.8949859017585837j),0.005
0.11370000000000001,(0.40277062758174004+0.8953784584023814j),0.005
0.11380000000000001,(0.4018598350701241+0.8957700890049195j),0.005
0.1139,(0.4009486623554717+0.8961607931968316j),0.005
0.114,(0.4000371103797552+0.8965505706097057j),0.005
0.11410000000000001,(0.3991251800853104+0.8969394208760971j),0.005
0.11420000000000001,(0.3982128724148263+0.8973273436295j),0.005
0.1143,(0.397300188311344+0.8977143385043891j),0.005
0.1144,(0.3963871287182623+0.8981004051361811j),0.005
0.1145,(0.3954736945793292+0.8984855431612582j),0.005
0.11460000000000001,(0.3945598868386452+0.8988697522169635j),0.005
0.11470000000000001,(0.39364570644065733+0.8992530319415929j),0.005
0.1148,(0.3927311543301685+0.8996353819744081j),0.005
0.1149,(0.39181623145232874+0.9000168019556299j),0.005
0.115,(0.39090093875263054+0.9003972915264425j),0.005
0.11510000000000001,(0.3899852771769181+0.9007768503289783j),0.005
0.11520000000000001,(0.3890692476713772+0.9011554780063469j),0.005
0.1153,(0.388152851182541+0.901533174202609j),0.005
0.1154,(0.3872360886572891+0.9019099385627982j),0.005
0.1155,(0.386318961042832+0.9022857707328945j),0.005
0.11560000000000001,(0.3854014692867357+0.9026606703598485j),0.005
0.11570000000000001,(0.38448361433689976+0.9030346370915813j),0.005
0.1158,(0.383565397141564+0.9034076705769646j),0.005
0.1159,(0.3826468186493079+0.9037797704658409j),0.005
0.116,(0.3817278798090473+0.9041509364090129j),0.005
0.11610000000000001,(0.38080858157003555+0.9045211680582512j),0.005
0.11620000000000001,(0.37988892488186365+0.9048904650662859j),0.005
0.1163,(0.37896891069445143+0.905258827086819j),0.005
0.1164,(0.3780485399580624+0.9056262537745057j),0.005
0.1165,(0.37712781362328157+0.9059927447849859j),0.005
0.11660000000000001,(0.37620673264103477+0.9063582997748462j),0.005
0.11670000000000001,(0.37528529796257193+0.9067229184016464j),0.005
0.1168,(0.3743635105394792+0.9070866003239225j),0.005
0.1169,(0.37344137132366595+0.907449345201152j),0.005
0.117,(0.3725188812673727+0.9078111526938065j),0.005
0.11710000000000001,(0.37159604132316687+0.9081720224633165j),0.005
0.11720000000000001,(0.3706728524439389+0.9085319541720696j),0.005
0.1173,(0.3697493155829087+0.908890947483433j),0.005
0.1174,(0.3688254316936167+0.9092490020617395j),0.005
0.11750000000000001,(0.36790120172992474+0.9096061175722897j),0.005
0.11760000000000001,(0.3669766266460245+0.9099622936813488j),0.005
0.1177,(0.3660517073964186+0.91031753005616j),0.005
0.1178,(0.3651264449359363+0.9106718263649313j),0.005
0.1179,(0.364200840219724+0.9110251822768398j),0.005
0.11800000000000001,(0.36327489420324544+0.9113775974620324j),0.005
0.11810000000000001,(0.3623486078422837+0.9117290715916283j),0.005
0.1182,(0.36142198209293463+0.9120796043377216j),0.005
0.1183,(0.3604950179116138+0.912429195373366j),0.005
0.1184,(0.3595677162550437+0.9127778443725968j),0.005
0.11850000000000001,(0.3586400780802672+0.9131255510104154j),0.005
0.11860000000000001,(0.3577121043446361+0.9134723149628035j),0.005
0.1187,(0.35678379600581284+0.9138181359067j),0.005
0.1188,(0.35585515402177115+0.9141630135200352j),0.005
0.1189,(0.35492617935079485+0.9145069474816919j),0.005
0.11900000000000001,(0.35399687295147353+0.9148499374715463j),0.005
0.11910000000000001,(0.3530672357827043+0.9151919831704288j),0.005
0.1192,(0.3521372688036917+0.9155330842601604j),0.005
0.1193,(0.3512069729739462+0.9158732404235302j),0.005
0.1194,(0.3502763492532819+0.9162124513442926j),0.005
0.11950000000000001,(0.34934539860181446+0.9165507167071861j),0.005
0.11960000000000001,(0.34841412197996313+0.9168880361979277j),0.005
0.1197,(0.3474825203484467+0.9172244095031976j),0.005
0.1198,(0.3465505946682891+0.917559836310666j),0.005
0.1199,(0.34561834590080764+0.917894316308961j),0.005
0.12000000000000001,(0.34468577500762376+0.9182278491877047j),0.005
0.12010000000000001,(0.34375288295065054+0.9185604346374839j),0.005
0.1202,(0.34281967069209857+0.9188920723498647j),0.005
0.1203,(0.34188613919447775+0.9192227620173944j),0.005
0.12040000000000001,(0.34095228942058947+0.9195525033335928j),0.005
0.12050000000000001,(0.3400181223335256+0.9198812959929554j),0.005
0.1206,(0.3390836388966771+0.9202091396909655j),0.005
0.1207,(0.33814884007372087+0.9205360341240723j),0.005
0.1208,(0.3372137268286247+0.9208619789897105j),0.005
0.12090000000000001,(0.3362783001256501+0.9211869739862897j),0.005
0.12100000000000001,(0.33534256092934045+0.9215110188132043j),0.005
0.1211,(0.3344065102045321+0.9218341131708166j),0.005
0.1212,(0.33347014891634336+0.9221562567604815j),0.005
0.1213,(0.3325334780301811+0.9224774492845311j),0.005
0.12140000000000001,(0.3315964985117368+0.922797690446259j),0.005
0.12150000000000001,(0.3306592113269831+0.9231169799499683j),0.005
0.1216,(0.32972161744217626+0.9234353175009233j),0.005
0.1217,(0.3287837178238519+0.9237527028053745j),0.005
0.1218,(0.3278455134388308+0.9240691355705516j),0.005
0.12190000000000001,(0.3269070052542092+0.9243846155046669j),0.005
0.12200000000000001,(0.32596819423736123+0.9246991423169152j),0.005
0.1221,(0.3250290813559432+0.9250127157174733j),0.005
0.1222,(0.3240896675778826+0.9253253354174958j),0.005
0.1223,(0.32314995387138534+0.9256370011291275j),0.005
0.12240000000000001,(0.3222099412049303+0.925947712565487j),0.005
0.12250000000000001,(0.32126963054727103+0.9262574694406825j),0.005
0.1226,(0.3203290228674329+0.9265662714698032j),0.005
0.1227,(0.3193881191347124+0.9268741183689201j),0.005
0.1228,(0.3184469203186773+0.9271810098550892j),0.005
0.12290000000000001,(0.3175054273891642+0.9274869456463499j),0.005
0.12300000000000001,(0.3165636413162788+0.9277919254617252j),0.005
0.1231,(0.3156215630703927+0.9280959490212245j),0.005
0.1232,(0.31467919362214714+0.9283990160458423j),0.005
0.1233,(0.31373653394244294+0.9287011262575599j),0.005
0.12340000000000001,(0.3127935850024535+0.9290022793793347j),0.005
0.12350000000000001,(0.3118503477736108+0.9293024751351148j),0.005
0.1236,(0.3109068232276068+0.9296017132498388j),0.005
0.1237,(0.3099630123364006+0.9298999934494238j),0.005
0.12380000000000001,(0.3090189160722083+0.930197315460779j),0.005
0.12390000000000001,(0.3080745354075086+0.9304936790117916j),0.005
0.124,(0.3071298713150309+0.9307890838313516j),0.005
0.1241,(0.306184924767773+0.9310835296493166j),0.005
0.1242,(0.3052396967389819+0.9313770161965453j),0.005
0.12430000000000001,(0.30429418820216114+0.9316695432048737j),0.005
0.12440000000000001,(0.30334840013107+0.9319611104071323j),0.005
0.1245,(0.3024023334997241+0.9322517175371382j),0.005
0.1246,(0.3014559892823804+0.9325413643297032j),0.005
0.1247,(0.30050936845356224+0.9328300505206091j),0.005
0.12480000000000001,(0.29956247198803193+0.9331177758466411j),0.005
0.12490000000000001,(0.29861530086080906+0.9334045400455724j),0.005
0.125,(0.2976678560471547+0.9336903428561617j),0.005
0.12510000000000002,(0.29672013852258344+0.9339751840181533j),0.005
0.1252,(0.29577214926285156+0.9342590632722981j),0.005
0.1253,(0.294823889243965+0.9345419803603116j),0.005
0.1254,(0.2938753594421695+0.9348239350249172j),0.005
0.1255,(0.2929265608339595+0.93510492700982j),0.005
0.12560000000000002,(0.29197749439606685+0.9353849560597214j),0.005
0.1257,(0.29102816110546786+0.9356640219203137j),0.005
0.1258,(0.29007856193937936+0.9359421243382732j),0.005
0.1259,(0.28912869787525425+0.9362192630612759j),0.005
0.126,(0.2881785698907902+0.9364954378379785j),0.005
0.12610000000000002,(0.2872281789639145+0.9367706484180424j),0.005
0.1262,(0.28627752607279777+0.9370448945521088j),0.005
0.1263,(0.28532661219584105+0.9373181759918173j),0.005
0.1264,(0.284375438311682+0.9375904924898036j),0.005
0.1265,(0.28342400539919244+0.9378618437996803j),0.005
0.12660000000000002,(0.2824723144374738+0.9381322296760786j),0.005
0.1267,(0.2815203664058625+0.9384016498745926j),0.005
0.1268,(0.2805681622839211+0.9386701041518315j),0.005
0.1269,(0.2796157030514448+0.9389375922653944j),0.005
0.127,(0.27866298968845665+0.9392041139738615j),0.005
0.12710000000000002,(0.277710023175206+0.9394696690368173j),0.005
0.1272,(0.2767568044921701+0.9397342572148455j),0.005
0.1273,(0.2758033346200485+0.9399978782695118j),0.005
0.1274,(0.27484961453976947+0.940260531963381j),0.005
0.1275,(0.2738956452324807+0.9405222180600112j),0.005
0.12760000000000002,(0.2729414276795526+0.9407829363239623j),0.005
0.1277,(0.27198696286258023+0.9410426865207798j),0.005
0.1278,(0.2710322517633752+0.941301468417013j),0.005
0.1279,(0.2700772953639699+0.941559281780198j),0.005
0.128,(0.2691220946466155+0.941816126378878j),0.005
0.12810000000000002,(0.2681666505937794+0.9420720019825755j),0.005
0.1282,(0.26721096418814644+0.9423269083618232j),0.005
0.1283,(0.2662550364126154+0.942580845288149j),0.005
0.12840000000000001,(0.26529886825029786+0.942833812534066j),0.005
0.1285,(0.26434246068452394+0.9430858098730973j),0.005
0.12860000000000002,(0.2633858146988305+0.9433368370797565j),0.005
0.1287,(0.26242893127696904+0.9435868939295552j),0.005
0.1288,(0.2614718114028987+0.9438359801989991j),0.005
0.12890000000000001,(0.2605144560607898+0.9440840956655968j),0.005
0.129,(0.2595568662350192+0.9443312401078556j),0.005
0.1291,(0.25859904291017327+0.9445774133052715j),0.005
0.1292,(0.25764098707104055+0.9448226150383446j),0.005
0.1293,(0.2566826997026204+0.9450668450885759j),0.005
0.12940000000000002,(0.2557241817901095+0.9453101032384587j),0.005
0.1295,(0.25476543431891513+0.9455523892714898j),0.005
0.1296,(0.253806458274639+0.9457937029721628j),0.005
0.1297,(0.25284725464309143+0.9460340441259686j),0.005
0.1298,(0.25188782441027524+0.9462734125194032j),0.005
0.12990000000000002,(0.25092816856239814+0.9465118079399572j),0.005
0.13,(0.24996828808586363+0.9467492301761168j),0.005
0.1301,(0.24900818396727273+0.946985679017372j),0.005
0.1302,(0.24804785719342212+0.947221154254218j),0.005
0.1303,(0.24708730875130264+0.9474556556781473j),0.005
0.13040000000000002,(0.24612653962810185+0.9476891830816445j),0.005
0.1305,(0.24516555081119615+0.9479217362582026j),0.005
0.1306,(0.2442043432881588+0.9481533150023176j),0.005
0.1307,(0.24324291804674933+0.9483839191094758j),0.005
0.1308,(0.24228127607492106+0.9486135483761728j),0.005
0.13090000000000002,(0.24131941836081322+0.9488422025999045j),0.005
0.131,(0.24035734589275595+0.9490698815791704j),0.005
0.1311,(0.23939505965926258+0.9492965851134602j),0.005
0.1312,(0.23843256064903562+0.9495223130032815j),0.005
0.1313,(0.2374698498509614+0.949747065050127j),0.005
0.13140000000000002,(0.23650692825411002+0.9499708410565052j),0.005
0.1315,(0.23554379684773416+0.9501936408259218j),0.005
0.1316,(0.23458045662126653+0.9504154641628838j),0.005
0.1317,(0.23361690856432482+0.9506363108728991j),0.005
0.1318,(0.23265315366670367+0.950856180762484j),0.005
0.13190000000000002,(0.23168919291837747+0.9510750736391481j),0.005
0.132,(0.23072502730949776+0.9512929893114174j),0.005
0.1321,(0.22976065783039276+0.9515099275888085j),0.005
0.1322,(0.2287960854715657+0.9517258882818488j),0.005
0.1323,(0.22783131122369898+0.9519408712020677j),0.005
0.13240000000000002,(0.2268663360776408+0.9521548761619956j),0.005
0.1325,(0.22590116102442181+0.9523679029751728j),0.005
0.1326,(0.22493578705523293+0.9525799514561296j),0.005
0.1327,(0.2239702151614471+0.9527910214204233j),0.005
0.1328,(0.22300444633459837+0.9530011126845939j),0.005
0.13290000000000002,(0.22203848156639494+0.9532102250661946j),0.005
0.133,(0.22107232184870865+0.9534183583837905j),0.005
0.1331,(0.22010596817358014+0.9536255124569318j),0.005
0.1332,(0.21913942153321478+0.9538316871061945j),0.005
0.1333,(0.2181726829199841+0.9540368821531506j),0.005
0.13340000000000002,(0.21720575332642003+0.9542410974203714j),0.005
0.1335,(0.2162386337452202+0.9544443327314455j),0.005
0.1336,(0.2152713251692407+0.9546465879109618j),0.005
0.1337,(0.21430382859150232+0.9548478627845081j),0.005
0.1338,(0.21333614500518128+0.9550481571786923j),0.005
0.13390000000000002,(0.21236827540361117+0.9552474709211123j),0.005
0.134,(0.21140022078028972+0.955445803840381j),0.005
0.1341,(0.2104319821288648+0.955643155766121j),0.005
0.1342,(0.20946356044314293+0.9558395265289547j),0.005
0.1343,(0.20849495671708174+0.9560349159605116j),0.005
0.13440000000000002,(0.20752617194479556+0.956229323893429j),0.005
0.1345,(0.20655720712054942+0.9564227501613495j),0.005
0.1346,(0.2055880632387612+0.9566151945989285j),0.005
0.13470000000000001,(0.2046187412939952+0.9568066570418222j),0.005
0.1348,(0.20364924228096903+0.9569971373266922j),0.005
0.13490000000000002,(0.2026795671945479+0.9571866352912156j),0.005
0.135,(0.20170971702974147+0.9573751507740703j),0.005
0.1351,(0.2007396927817101+0.957562683614944j),0.005
0.13520000000000001,(0.19976949544575467+0.9577492336545349j),0.005
0.1353,(0.19879912601732375+0.9579348007345403j),0.005
0.13540000000000002,(0.19782858549200671+0.9581193846976777j),0.005
0.1355,(0.19685787486553677+0.9583029853876607j),0.005
0.1356,(0.19588699513378785+0.9584856026492191j),0.005
0.13570000000000002,(0.19491594729277203+0.9586672363280891j),0.005
0.1358,(0.19394473233864365+0.9588478862710185j),0.005
0.1359,(0.19297335126769183+0.9590275523257505j),0.005
0.136,(0.19200180507634565+0.9592062343410533j),0.005
0.1361,(0.19103009476116883+0.9593839321666946j),0.005
0.13620000000000002,(0.19005822131885927+0.9595606456534573j),0.005
0.1363,(0.18908618574625163+0.9597363746531279j),0.005
0.1364,(0.18811398904030993+0.9599111190185029j),0.005
0.1365,(0.18714163219813043+0.9600848786033936j),0.005
0.1366,(0.18616911621694532+0.9602576532626103j),0.005
0.13670000000000002,(0.18519644209410976+0.9604294428519811j),0.005
0.1368,(0.18422361082711258+0.960600247228341j),0.005
0.1369,(0.183250623413568+0.9607700662495364j),0.005
0.137,(0.18227748085121825+0.9609388997744204j),0.005
0.1371,(0.18130418413793128+0.9611067476628598j),0.005
0.13720000000000002,(0.1803307342716985+0.9612736097757295j),0.005
0.1373,(0.17935713225063618+0.9614394859749151j),0.005
0.1374,(0.17838337907298463+0.9616043761233137j),0.005
0.1375,(0.17740947573710203+0.9617682800848275j),0.005
0.1376,(0.17643542324147174+0.9619311977243776j),0.005
0.13770000000000002,(0.17546122258469402+0.9620931289078922j),0.005
0.1378,(0.17448687476548833+0.9622540735023003j),0.005
0.1379,(0.17351238078269068+0.9624140313755649j),0.005
0.138,(0.17253774163525537+0.9625730023966342j),0.005
0.1381,(0.17156295832225313+0.9627309864354822j),0.005
0.13820000000000002,(0.17058803184286583+0.9628879833630944j),0.005
0.1383,(0.16961296319639121+0.9630439930514636j),0.005
0.1384,(0.16863775338223977+0.9631990153735945j),0.005
0.1385,(0.1676624033999323+0.9633530502034949j),0.005
0.1386,(0.16668691424909995+0.9635060974161984j),0.005
0.13870000000000002,(0.16571128692948375+0.9636581568877499j),0.005
0.1388,(0.16473552244093556+0.9638092284951935j),0.005
0.1389,(0.16375962178340964+0.9639593121165946j),0.005
0.139,(0.16278358595697004+0.9641084076310305j),0.005
0.1391,(0.16180741596178538+0.9642565149185817j),0.005
0.13920000000000002,(0.1608311127981286+0.9644036338603499j),0.005
0.1393,(0.15985467746637658+0.9645497643384455j),0.005
0.1394,(0.15887811096700588+0.9646949062359944j),0.005
0.1395,(0.15790141430059781+0.9648390594371282j),0.005
0.1396,(0.15692458846783144+0.9649822238269986j),0.005
0.13970000000000002,(0.1559476344694862+0.9651243992917692j),0.005
0.1398,(0.1549705533064382+0.9652655857185962j),0.005
0.1399,(0.15399334597966374+0.9654057829956918j),0.005
0.14,(0.15301601349023167+0.965544991012233j),0.005
0.1401,(0.15203855683930823+0.965683209658437j),0.005
0.14020000000000002,(0.151060977028152+0.9658204388255378j),0.005
0.1403,(0.15008327505811686+0.9659566784057616j),0.005
0.1404,(0.1491054519306469+0.9660919282923626j),0.005
0.1405,(0.14812750864727664+0.9662261883796053j),0.005
0.1406,(0.14714944620963444+0.9663594585627624j),0.005
0.14070000000000002,(0.14617126561943192+0.9664917387381319j),0.005
0.1408,(0.14519296787847394+0.9666230288030068j),0.005
0.1409,(0.1442145539886472+0.9667533286557163j),0.005
0.14100000000000001,(0.1432360249519287+0.9668826381955823j),0.005
0.1411,(0.14225738177037803+0.9670109573229484j),0.005
0.14120000000000002,(0.14127862544613923+0.9671382859391793j),0.005
0.1413,(0.1402997569814391+0.9672646239466369j),0.005
0.1414,(0.13932077737858484+0.9673899712487133j),0.005
0.14150000000000001,(0.1383416876399666+0.9675143277498126j),0.005
0.1416,(0.1373624887680525+0.9676376933553342j),0.005
0.14170000000000002,(0.13638318176539127+0.9677600679717148j),0.005
0.1418,(0.13540376763460693+0.9678814515063967j),0.005
0.1419,(0.13442424737840242+0.9680018438678295j),0.005
0.14200000000000002,(0.13344462199955315+0.9681212449654865j),0.005
0.1421,(0.13246489250091412+0.9682396547098436j),0.005
0.1422,(0.13148505988540807+0.9683570730124063j),0.005
0.1423,(0.13050512515603435+0.9684734997856869j),0.005
0.1424,(0.129525089315863+0.9685889349432082j),0.005
0.14250000000000002,(0.128544953368033+0.968703378399516j),0.005
0.1426,(0.12756471831575525+0.9688168300701596j),0.005
0.1427,(0.1265843851623071+0.968929289871714j),0.005
0.1428,(0.1256039549110337+0.9690407577217646j),0.005
0.1429,(0.1246234285653471+0.9691512335389083j),0.005
0.14300000000000002,(0.12364280712872472+0.9692607172427616j),0.005
0.1431,(0.12266209160470723+0.9693692087539457j),0.005
0.1432,(0.12168128299690106+0.9694767079941159j),0.005
0.1433,(0.12070038230897073+0.969583214885925j),0.005
0.1434,(0.11971939054464648+0.969688729353044j),0.005
0.14350000000000002,(0.11873830870771611+0.9697932513201662j),0.005
0.1436,(0.11775713780202775+0.9698967807129958j),0.005
0.1437,(0.11677587883148749+0.969999317458242j),0.005
0.1438,(0.11579453280005723+0.9701008614836488j),0.005
0.1439,(0.11481310071175732+0.970201412717959j),0.005
0.14400000000000002,(0.11383158357066134+0.9703009710909416j),0.005
0.1441,(0.11284998238089868+0.9703995365333681j),0.005
0.1442,(0.11186829814664913+0.9704971089770422j),0.005
0.1443,(0.1108865318721465+0.9705936883547653j),0.005
0.1444,(0.10990468456167615+0.9706892746003665j),0.005
0.14450000000000002,(0.10892275721957206+0.9707838676486894j),0.005
0.1446,(0.1079407508502173+0.9708774674355758j),0.005
0.1447,(0.1069586664580423+0.9709700738979095j),0.005
0.1448,(0.10597650504752651+0.971061686973576j),0.005
0.1449,(0.10499426762319308+0.9711523066014762j),0.005
0.14500000000000002,(0.10401195518961096+0.9712419327215223j),0.005
0.1451,(0.10302956875139305+0.9713305652746521j),0.005
0.1452,(0.10204710931319458+0.9714182042028155j),0.005
0.1453,(0.1010645778797119+0.9715048494489711j),0.005
0.1454,(0.10008197545568415+0.9715905009571024j),0.005
0.14550000000000002,(0.09909930304588799+0.9716751586722033j),0.005
0.1456,(0.09811656165513993+0.971758822540287j),0.005
0.1457,(0.09713375228829357+0.9718414925083757j),0.005
0.1458,(0.09615087595023988+0.9719231685245187j),0.005
0.1459,(0.09516793364590388+0.9720038505377648j),0.005
0.14600000000000002,(0.09418492638024772+0.9720835384981981j),0.005
0.1461,(0.09320185515826547+0.9721622323569014j),0.005
0.1462,(0.0922187209849831+0.9722399320659808j),0.005
0.1463,(0.0912355248654584+0.9723166375785607j),0.005
0.1464,(0.09025226780478086+0.9723923488487729j),0.005
0.14650000000000002,(0.08926895080806843+0.9724670658317693j),0.005
0.1466,(0.08828557488046847+0.9725407884837286j),0.005
0.1467,(0.08730214102715357+0.9726135167618278j),0.005
0.1468,(0.08631865025332434+0.9726852506242641j),0.005
0.1469,(0.08533510356420637+0.9727559900302584j),0.005
0.14700000000000002,(0.08435150196505005+0.9728257349400425j),0.005
0.1471,(0.08336784646112891+0.9728944853148633j),0.005
0.1472,(0.08238413805773709+0.9729622411169827j),0.005
0.14730000000000001,(0.0814003777601918+0.9730290023096835j),0.005
0.1474,(0.08041656657383053+0.9730947688572577j),0.005
0.14750000000000002,(0.07943270550400862+0.9731595407250218j),0.005
0.1476,(0.07844879555610071+0.9732233178793028j),0.005
0.1477,(0.07746483773549784+0.973286100287441j),0.005
0.14780000000000001,(0.07648083304760774+0.9733478879177884j),0.005
0.1479,(0.07549678249785231+0.973408680739732j),0.005
0.14800000000000002,(0.07451268709166871+0.97346847872366j),0.005
0.1481,(0.07352854783450638+0.9735272818409725j),0.005
0.1482,(0.07254436573182688+0.9735850900641003j),0.005
0.14830000000000002,(0.07156014178910175+0.9736419033664776j),0.005
0.1484,(0.07057587701181507+0.9736977217225594j),0.005
0.14850000000000002,(0.06959157240545709+0.9737525451078143j),0.005
0.1486,(0.06860722897552735+0.9738063734987327j),0.005
0.1487,(0.0676228477275324+0.9738592068728187j),0.005
0.14880000000000002,(0.06663842966698297+0.9739110452085796j),0.005
0.1489,(0.06565397579939738+0.9739618884855579j),0.005
0.149,(0.06466948713029497+0.9740117366843006j),0.005
0.1491,(0.06368496466519892+0.9740605897863704j),0.005
0.1492,(0.06270040940963582+0.9741084477743565j),0.005
0.14930000000000002,(0.06171582236912926+0.9741553106318501j),0.005
0.1494,(0.06073120454920679+0.9742011783434578j),0.005
0.1495,(0.05974655695539072+0.9742460508948203j),0.005
0.1496,(0.0587618805932037+0.9742899282725704j),0.005
0.1497,(0.0577771764681637+0.9743328104643767j),0.005
0.14980000000000002,(0.05679244558578421+0.9743746974589145j),0.005
0.1499,(0.05580768895157461+0.9744155892458648j),0.005
0.15,(0.05482290757103635+0.9744554858159475j),0.005
0.1501,(0.05383810244966357+0.9744943871608759j),0.005
0.1502,(0.05285327459294259+0.9745322932733935j),0.005
0.15030000000000002,(0.05186842500634947+0.9745692041472506j),0.005
0.1504,(0.050883554695350525+0.974605119777214j),0.005
0.1505,(0.04989866466539928+0.974640040159074j),0.005
0.1506,(0.04891375592193757+0.9746739652896306j),0.005
0.1507,(0.047928829470393626+0.9747068951666975j),0.005
0.15080000000000002,(0.04694388631617986+0.9747388297891059j),0.005
0.1509,(0.045958927464694786+0.9747697691566946j),0.005
0.151,(0.04497395392131885+0.9747997132703411j),0.005
0.1511,(0.043988966691414416+0.9748286621319128j),0.005
0.1512,(0.04300396678032668+0.9748566157442994j),0.005
0.15130000000000002,(0.04201895519337957+0.9748835741114121j),0.005
0.1514,(0.04103393293587702+0.9749095372381803j),0.005
0.1515,(0.04004890101310072+0.9749345051305325j),0.005
0.1516,(0.03906386043030922+0.974958477795418j),0.005
0.1517,(0.03807881219273821+0.9749814552408266j),0.005
0.15180000000000002,(0.03709375730559695+0.9750034374757166j),0.005
0.1519,(0.03610869677407028+0.9750244245101066j),0.005
0.152,(0.03512363160331523+0.9750444163549936j),0.005
0.1521,(0.03413856279846004+0.9750634130224153j),0.005
0.1522,(0.03315349136460612+0.9750814145254145j),0.005
0.15230000000000002,(0.032168418306822634+0.9750984208780448j),0.005
0.1524,(0.03118334463014907+0.9751144320953833j),0.005
0.1525,(0.030198271339591874+0.9751294481935127j),0.005
0.1526,(0.029213199440125025+0.9751434691895389j),0.005
0.1527,(0.02822812993668848+0.9751564951015804j),0.005
0.15280000000000002,(0.02724306383418588+0.975168525948765j),0.005
0.1529,(0.026258002137486497+0.9751795617512403j),0.005
0.153,(0.025272945851420665+0.9751896025301672j),0.005
0.1531,(0.024287895980780863+0.9751986483077156j),0.005
0.1532,(0.023302853530321476+0.9752066991070841j),0.005
0.15330000000000002,(0.022317819504754973+0.9752137549524709j),0.005
0.1534,(0.02133279490875404+0.9752198158690915j),0.005
0.1535,(0.020347780746947444+0.9752248818831842j),0.005
0.15360000000000001,(0.01936277802392158+0.9752289530219914j),0.005
0.1537,(0.0183777877442186+0.9752320293137746j),0.005
0.15380000000000002,(0.01739281091233457+0.9752341107878056j),0.005
0.1539,(0.016407848532719874+0.9752351974743748j),0.005
0.154,(0.015422901609776779+0.9752352894047797j),0.005
0.15410000000000001,(0.014437971147859014+0.9752343866113503j),0.005
0.1542,(0.013453058151271752+0.9752324891274035j),0.005
0.15430000000000002,(0.012468163624268523+0.9752295969872812j),0.005
0.1544,(0.011483288571052212+0.9752257102263504j),0.005
0.1545,(0.01049843399577245+0.975220828880972j),0.005
0.15460000000000002,(0.009513600902525144+0.9752149529885391j),0.005
0.1547,(0.008528790295352882+0.9752080825874454j),0.005
0.15480000000000002,(0.007544003178240824+0.9752002177170976j),0.005
0.1549,(0.006559240555119415+0.9751913584179261j),0.005
0.155,(0.005574503429859075+0.975181504731365j),0.005
0.15510000000000002,(0.004589792806273797+0.9751706566998646j),0.005
0.1552,(0.00360510968811648+0.9751588143668899j),0.005
0.1553,(0.0026204550790798714+0.9751459777769149j),0.005
0.1554,(0.0016358299827943005+0.975132146975435j),0.005
0.1555,(0.0006512354028280151+0.9751173220089453j),0.005
0.15560000000000002,(-0.00033332765731497054+0.9751015029249647j),0.005
0.1557,(-0.0013178581941951193+0.9750846897720183j),0.005
0.1558,(-0.002302355204439093+0.9750668825996509j),0.005
0.1559,(-0.0032868176847403187+0.9750480814584108j),0.005
0.156,(-0.004271244631860068+0.9750282863998675j),0.005
0.15610000000000002,(-0.005255635042628796+0.9750074974765909j),0.005
0.1562,(-0.006239987913946543+0.9749857147421734j),0.005
0.1563,(-0.007224302242784309+0.9749629382512193j),0.005
0.1564,(-0.008208577026185927+0.9749391680593423j),0.005
0.1565,(-0.009192811261266661+0.9749144042231641j),0.005
0.15660000000000002,(-0.01017700394521703+0.9748886468003278j),0.005
0.1567,(-0.011161154075302266+0.9748618958494798j),0.005
0.1568,(-0.012145260648863834+0.9748341514302806j),0.005
0.1569,(-0.013129322663320075+0.974805413603405j),0.005
0.157,(-0.014113339116167141+0.9747756824305346j),0.005
0.15710000000000002,(-0.015097309004981178+0.9747449579743659j),0.005
0.1572,(-0.016081231327417282+0.9747132402986044j),0.005
0.1573,(-0.01706510508121295+0.9746805294679699j),0.005
0.1574,(-0.018048929264187226+0.9746468255481894j),0.005
0.1575,(-0.01903270287424235+0.9746121286060095j),0.005
0.15760000000000002,(-0.02001642490936506+0.9745764387091753j),0.005
0.1577,(-0.021000094367626527+0.9745397559264495j),0.005
0.1578,(-0.021983710247185567+0.9745020803276007j),0.005
0.1579,(-0.022967271546287596+0.9744634119834231j),0.005
0.158,(-0.02395077726326559+0.9744237509656983j),0.005
0.15810000000000002,(-0.024934226396543416+0.9743830973472426j),0.005
0.1582,(-0.025917617944633375+0.9743414512018587j),0.005
0.1583,(-0.026900950906140912+0.9742988126043756j),0.005
0.1584,(-0.027884224279763264+0.9742551816306281j),0.005
0.1585,(-0.02886743706429031+0.9742105583574656j),0.005
0.15860000000000002,(-0.029850588258607657+0.9741649428627313j),0.005
0.1587,(-0.03083367686169486+0.9741183352252977j),0.005
0.1588,(-0.03181670187262914+0.9740707355250391j),0.005
0.1589,(-0.03279966229058483+0.974022143842833j),0.005
0.159,(-0.033782557114834466+0.9739725602605785j),0.005
0.15910000000000002,(-0.034765385344750724+0.9739219848611661j),0.005
0.1592,(-0.03574814597980581+0.9738704177285227j),0.005
0.1593,(-0.03673083801957419+0.9738178589475546j),0.005
0.15940000000000001,(-0.03771346046373316+0.9737643086041967j),0.005
0.1595,(-0.038696012312062836+0.9737097667853887j),0.005
0.15960000000000002,(-0.03967849256444849+0.9736542335790692j),0.005
0.1597,(-0.040660900220880564+0.9735977090742053j),0.005
0.1598,(-0.04164323428145652+0.9735401933607495j),0.005
0.15990000000000001,(-0.04262549374638142+0.9734816865296761j),0.005
0.16,(-0.04360767761596864+0.9734221886729694j),0.005
0.16010000000000002,(-0.044589784890641394+0.9733616998836145j),0.005
0.1602,(-0.045571814570934045+0.9733002202556075j),0.005
0.1603,(-0.04655376565749179+0.9732377498839482j),0.005
0.16040000000000001,(-0.04753563715107355+0.9731742888646483j),0.005
0.1605,(-0.04851742805255115+0.9731098372947351j),0.005
0.16060000000000002,(-0.04949913736291192+0.9730443952722287j),0.005
0.1607,(-0.05048076408325779+0.972977962896156j),0.005
0.1608,(-0.05146230721480891+0.9729105402665709j),0.005
0.16090000000000002,(-0.05244376575890214+0.9728421274845173j),0.005
0.161,(-0.053425138716993684+0.9727727246520392j),0.005
0.16110000000000002,(-0.05440642509066002+0.9727023318722138j),0.005
0.1612,(-0.05538762388159697+0.9726309492490937j),0.005
0.1613,(-0.05636873409162348+0.9725585768877604j),0.005
0.16140000000000002,(-0.05734975472268161+0.9724852148942932j),0.005
0.1615,(-0.05833068477683619+0.9724108633757826j),0.005
0.16160000000000002,(-0.05931152325627791+0.9723355224403191j),0.005
0.1617,(-0.0602922691633221+0.9722591921969944j),0.005
0.1618,(-0.06127292150041322+0.9721818727559228j),0.005
0.16190000000000002,(-0.062253479270121356+0.9721035642282096j),0.005
0.162,(-0.0632339414751473+0.97202426672597j),0.005
0.1621,(-0.06421430711831992+0.9719439803623263j),0.005
0.1622,(-0.06519457520260168+0.971862705251401j),0.005
0.1623,(-0.06617474473108505+0.9717804415083335j),0.005
0.16240000000000002,(-0.06715481470699573+0.9716971892492484j),0.005
0.1625,(-0.06813478413369406+0.971612948591289j),0.005
0.1626,(-0.06911465201467469+0.9715277196526051j),0.005
0.1627,(-0.07009441735356975+0.9714415025523448j),0.005
0.1628,(-0.07107407915414625+0.9713542974106586j),0.005
0.16290000000000002,(-0.07205363642031133+0.9712661043486998j),0.005
0.163,(-0.07303308815611016+0.9711769234886433j),0.005
0.1631,(-0.07401243336572758+0.9710867549536456j),0.005
0.1632,(-0.07499167105349085+0.9709955988678733j),0.005
0.1633,(-0.07597080022386833+0.9709034553564985j),0.005
0.16340000000000002,(-0.0769498198814718+0.9708103245457105j),0.005
0.1635,(-0.077928729031057+0.9707162065626742j),0.005
0.1636,(-0.0789075266775254+0.970621101535576j),0.005
0.1637,(-0.07988621182592447+0.9705250095936002j),0.005
0.1638,(-0.08086478348144793+0.9704279308669286j),0.005
0.16390000000000002,(-0.08184324064943893+0.9703298654867658j),0.005
0.164,(-0.0828215823353889+0.9702308135852887j),0.005
0.1641,(-0.08379980754493976+0.9701307752956984j),0.005
0.1642,(-0.08477791528388551+0.9700297507521901j),0.005
0.1643,(-0.08575590455817028+0.9699277400899587j),0.005
0.16440000000000002,(-0.08673377437389393+0.9698247434452099j),0.005
0.1645,(-0.08771152373730864+0.9697207609551446j),0.005
0.1646,(-0.08868915165482275+0.9696157927579571j),0.005
0.1647,(-0.08966665713300041+0.9695098389928589j),0.005
0.1648,(-0.09064403917856347+0.9694028998000466j),0.005
0.16490000000000002,(-0.09162129679839218+0.969294975320733j),0.005
0.165,(-0.09259842899952461+0.9691860656971232j),0.005
0.1651,(-0.09357543478916154+0.9690761710724207j),0.005
0.1652,(-0.09455231317466385+0.9689652915908313j),0.005
0.1653,(-0.09552906316355328+0.9688534273975594j),0.005
0.16540000000000002,(-0.09650568376351717+0.9687405786388231j),0.005
0.1655,(-0.09748217398240623+0.968626745461813j),0.005
0.1656,(-0.09845853282823575+0.968511928014742j),0.005
0.16570000000000001,(-0.0994347593091888+0.9683961264468176j),0.005
0.1658,(-0.10041085243361507+0.9682793409082406j),0.005
0.16590000000000002,(-0.10138681121003194+0.9681615715502128j),0.005
0.166,(-0.10236263464712794+0.9680428185249415j),0.005
0.1661,(-0.10333832175375963+0.9679230819856159j),0.005
0.16620000000000001,(-0.10431387153895715+0.967802362086446j),0.005
0.1663,(-0.10528928301192098+0.9676806589826245j),0.005
0.16640000000000002,(-0.10626455518202692+0.9675579728303473j),0.005
0.1665,(-0.10723968705882304+0.9674343037868058j),0.005
0.1666,(-0.10821467765203503+0.9673096520101907j),0.005
0.16670000000000001,(-0.10918952597156374+0.96718401765969j),0.005
0.1668,(-0.11016423102748661+0.9670574008954897j),0.005
0.16690000000000002,(-0.1111387918300614+0.9669298018787716j),0.005
0.167,(-0.11211320738972386+0.9668012207717108j),0.005
0.1671,(-0.11308747671708998+0.9666716577374913j),0.005
0.16720000000000002,(-0.11406159882295974+0.9665411129402727j),0.005
0.1673,(-0.11503557271831089+0.9664095865452332j),0.005
0.16740000000000002,(-0.11600939741430882+0.9662770787185427j),0.005
0.1675,(-0.11698307192230152+0.9661435896273441j),0.005
0.1676,(-0.11795659525382214+0.9660091194398085j),0.005
0.16770000000000002,(-0.11892996642059138+0.9658736683250765j),0.005
0.1678,(-0.11990318443451663+0.9657372364533028j),0.005
0.16790000000000002,(-0.12087624830769272+0.9655998239956257j),0.005
0.168,(-0.12184915705240557+0.9654614311241788j),0.005
0.1681,(-0.12282190968113176+0.9653220580120925j),0.005
0.16820000000000002,(-0.12379450520653744+0.9651817048335011j),0.005
0.1683,(-0.12476694264148279+0.9650403717635161j),0.005
0.16840000000000002,(-0.12573922099902007+0.9648980589782492j),0.005
0.1685,(-0.12671133929239708+0.9647547666548175j),0.005
0.1686,(-0.12768329653505753+0.9646104949713127j),0.005
0.16870000000000002,(-0.12865509174063944+0.9644652441068354j),0.005
0.1688,(-0.12962672392298022+0.9643190142414673j),0.005
0.1689,(-0.13059819209611467+0.9641718055562973j),0.005
0.169,(-0.13156949527427803+0.9640236182333866j),0.005
0.1691,(-0.1325406324719048+0.963874452455806j),0.005
0.16920000000000002,(-0.13351160270363086+0.9637243084076178j),0.005
0.1693,(-0.13448240498429698+0.9635731862738621j),0.005
0.1694,(-0.13545303832894334+0.9634210862405916j),0.005
0.1695,(-0.13642350175281823+0.9632680084948306j),0.005
0.1696,(-0.13739379427137213+0.96311395322461j),0.005
0.16970000000000002,(-0.13836391490026503+0.9629589206189384j),0.005
0.1698,(-0.13933386265536252+0.9628029108678305j),0.005
0.1699,(-0.14030363655273873+0.9626459241622771j),0.005
0.17,(-0.14127323560867844+0.9624879606942676j),0.005
0.1701,(-0.1422426588396743+0.9623290206567859j),0.005
0.17020000000000002,(-0.14321190526243277+0.9621691042437904j),0.005
0.1703,(-0.14418097389387163+0.9620082116502457j),0.005
0.1704,(-0.14514986375112238+0.961846343072096j),0.005
0.1705,(-0.14611857385153174+0.9616834987062793j),0.005
0.1706,(-0.14708710321265894+0.9615196787507232j),0.005
0.17070000000000002,(-0.14805545085228328+0.9613548834043367j),0.005
0.1708,(-0.14902361578839868+0.9611891128670257j),0.005
0.1709,(-0.14999159703921802+0.9610223673396817j),0.005
0.171,(-0.15095939362317606+0.9608546470241871j),0.005
0.1711,(-0.1519270045589233+0.9606859521234126j),0.005
0.17120000000000002,(-0.15289442886533688+0.9605162828412052j),0.005
0.1713,(-0.1538616655615106+0.9603456393824089j),0.005
0.1714,(-0.154828713666766+0.9601740219528633j),0.005
0.1715,(-0.15579557220064782+0.9600014307593718j),0.005
0.1716,(-0.1567622401829253+0.9598278660097475j),0.005
0.17170000000000002,(-0.15772871663359525+0.959653327912771j),0.005
0.1718,(-0.15869500057288016+0.9594778166782256j),0.005
0.1719,(-0.15966109102123174+0.9593013325168813j),0.005
0.17200000000000001,(-0.16062698699933126+0.9591238756404711j),0.005
0.1721,(-0.1615926875280901+0.9589454462617405j),0.005
0.17220000000000002,(-0.16255819162865062+0.9587660445943958j),0.005
0.1723,(-0.16352349832238783+0.9585856708531492j),0.005
0.1724,(-0.16448860663090864+0.9584043252536862j),0.005
0.17250000000000001,(-0.16545351557605714+0.9582220080126854j),0.005
0.1726,(-0.1664182241799095+0.9580387193477952j),0.005
0.17270000000000002,(-0.16738273146478203+0.9578544594776592j),0.005
0.1728,(-0.16834703645322224+0.9576692286219065j),0.005
0.1729,(-0.16931113816802165+0.9574830270011381j),0.005
0.17300000000000001,(-0.17027503563220842+0.9572958548369527j),0.005
0.1731,(-0.17123872786905048+0.9571077123519164j),0.005
0.17320000000000002,(-0.1722022139020578+0.9569185997695969j),0.005
0.1733,(-0.17316549275498289+0.9567285173145241j),0.005
0.1734,(-0.17412856345182046+0.9565374652122232j),0.005
0.17350000000000002,(-0.17509142501680994+0.9563454436891993j),0.005
0.1736,(-0.17605407647443602+0.9561524529729323j),0.005
0.17370000000000002,(-0.1770165168494286+0.9559584932918889j),0.005
0.1738,(-0.17797874516676582+0.9557635648755267j),0.005
0.1739,(-0.17894076045167395+0.955567667954264j),0.005
0.17400000000000002,(-0.17990256172962557+0.9553708027595113j),0.005
0.1741,(-0.1808641480263476+0.9551729695236568j),0.005
0.17420000000000002,(-0.181825518367816+0.9549741684800781j),0.005
0.1743,(-0.1827866717802577+0.9547743998631129j),0.005
0.1744,(-0.1837476072901541+0.9545736639080971j),0.005
0.17450000000000002,(-0.1847083239242392+0.9543719608513375j),0.005
0.1746,(-0.18566882070950552+0.9541692909301162j),0.005
0.17470000000000002,(-0.18662909667319663+0.9539656543827038j),0.005
0.1748,(-0.1875891508428157+0.9537610514483387j),0.005
0.1749,(-0.18854898224612482+0.9535554823672475j),0.005
0.17500000000000002,(-0.18950858991114317+0.9533489473806294j),0.005
0.1751,(-0.19046797286614842+0.9531414467306608j),0.005
0.1752,(-0.1914271301396843+0.952932980660493j),0.005
0.1753,(-0.1923860607605522+0.9527235494142617j),0.005
0.1754,(-0.19334476375781665+0.9525131532370771j),0.005
0.17550000000000002,(-0.19430323816080802+0.9523017923750172j),0.005
0.1756,(-0.19526148299911825+0.9520894670751489j),0.005
0.1757,(-0.1962194973026083+0.9518761775854999j),0.005
0.1758,(-0.19717728010140528+0.9516619241550971j),0.005
0.1759,(-0.19813483042590305+0.9514467070339165j),0.005
0.17600000000000002,(-0.1990921473067641+0.95123052647292j),0.005
0.1761,(-0.20004922977492173+0.9510133827240554j),0.005
0.1762,(-0.2010060768615799+0.9507952760402307j),0.005
0.1763,(-0.2019626875982122+0.9505762066753263j),0.005
0.1764,(-0.20291906101656873+0.9503561748842014j),0.005
0.17650000000000002,(-0.2038751961486685+0.9501351809226999j),0.005
0.1766,(-0.2048310920268087+0.9499132250476195j),0.005
0.1767,(-0.20578674768356137+0.9496903075167417j),0.005
0.1768,(-0.20674216215177496+0.9494664285888184j),0.005
0.1769,(-0.20769733446457328+0.9492415885235811j),0.005
0.17700000000000002,(-0.20865226365536327+0.9490157875817163j),0.005
0.1771,(-0.2096069487578273+0.9487890260249001j),0.005
0.1772,(-0.21056138880593045+0.9485613041157648j),0.005
0.1773,(-0.2115155828339179+0.9483326221179326j),0.005
0.1774,(-0.21246952987631793+0.9481029802959781j),0.005
0.17750000000000002,(-0.21342322896794194+0.9478723789154566j),0.005
0.1776,(-0.2143766791438864+0.9476408182428927j),0.005
0.1777,(-0.21532987943953388+0.9474082985457752j),0.005
0.1778,(-0.21628282889054937+0.9471748200925705j),0.005
0.1779,(-0.21723552653288988+0.9469403831527117j),0.005
0.17800000000000002,(-0.2181879714027993+0.946704987996598j),0.005
0.1781,(-0.21914016253680865+0.9464686348955978j),0.005
0.1782,(-0.22009209897174142+0.9462313241220522j),0.005
0.17830000000000001,(-0.2210437797447102+0.9459930559492675j),0.005
0.1784,(-0.22199520389312433+0.9457538306515166j),0.005
0.17850000000000002,(-0.2229463704546812+0.9455136485040446j),0.005
0.1786,(-0.2238972784673736+0.9452725097830624j),0.005
0.1787,(-0.22484792696949146+0.9450304147657415j),0.005
0.17880000000000001,(-0.22579831499961964+0.9447873637302254j),0.005
0.1789,(-0.22674844159663915+0.944543356955621j),0.005
0.17900000000000002,(-0.22769830579972877+0.9442983947220119j),0.005
0.1791,(-0.2286479066483695+0.9440524773104295j),0.005
0.1792,(-0.22959724318233768+0.9438056050028857j),0.005
0.17930000000000001,(-0.2305463144417151+0.9435577780823473j),0.005
0.1794,(-0.23149511946688178+0.9433089968327544j),0.005
0.17950000000000002,(-0.23244365729852198+0.943059261539005j),0.005
0.1796,(-0.2333919269776237+0.9428085724869624j),0.005
0.1797,(-0.23433992754548139+0.9425569299634529j),0.005
0.17980000000000002,(-0.23528765804369142+0.9423043342562708j),0.005
0.1799,(-0.23623511751416118+0.9420507856541718j),0.005
0.18000000000000002,(-0.2371823049991041+0.9417962844468688j),0.005
0.1801,(-0.23812921954104002+0.9415408309250447j),0.005
0.1802,(-0.23907586018280194+0.9412844253803354j),0.005
0.18030000000000002,(-0.24002222596753064+0.9410270681053531j),0.005
0.1804,(-0.24096831593868226+0.940768759393652j),0.005
0.18050000000000002,(-0.2419141291400199+0.940509499539768j),0.005
0.1806,(-0.24285966461562522+0.9402492888391807j),0.005
0.1807,(-0.24380492140989124+0.9399881275883409j),0.005
0.18080000000000002,(-0.24474989856752855+0.9397260160846514j),0.005
0.1809,(-0.24569459513356148+0.9394629546264851j),0.005
0.18100000000000002,(-0.246639010153335+0.9391989435131659j),0.005
0.1811,(-0.24758314267251028+0.9389339830449798j),0.005
0.1812,(-0.24852699173706672+0.9386680735231678j),0.005
0.18130000000000002,(-0.24947055639330795+0.9384012152499343j),0.005
0.1814,(-0.2504138356878541+0.9381334085284437j),0.005
0.18150000000000002,(-0.25135682866765147+0.9378646536628059j),0.005
0.1816,(-0.25229953437996644+0.9375949509581027j),0.005
0.1817,(-0.253241951872392+0.9373243007203709j),0.005
0.18180000000000002,(-0.25418408019284444+0.9370527032565906j),0.005
0.1819,(-0.25512591838956516+0.9367801588747153j),0.005
0.182,(-0.2560674655111251+0.9365066678836412j),0.005
0.1821,(-0.25700872060642294+0.9362322305932339j),0.005
0.1822,(-0.25794968272468355+0.9359568473142975j),0.005
0.18230000000000002,(-0.25889035091546436+0.935680518358607j),0.005
0.1824,(-0.2598307242286529+0.9354032440388808j),0.005
0.1825,(-0.2607708017144672+0.9351250246687952j),0.005
0.1826,(-0.26171058242345985+0.9348458605629844j),0.005
0.1827,(-0.26265006540651653+0.9345657520370304j),0.005
0.18280000000000002,(-0.2635892497148582+0.9342846994074697j),0.005
0.1829,(-0.26452813440003653+0.9340027029917978j),0.005
0.183,(-0.2654667185139492+0.9337197631084536j),0.005
0.1831,(-0.2664050011088234+0.9334358800768355j),0.005
0.1832,(-0.2673429812372259+0.933151054217286j),0.005
0.18330000000000002,(-0.2682806579520667+0.9328652858511045j),0.005
0.1834,(-0.26921803030659525+0.9325785753005437j),0.005
0.1835,(-0.2701550973543959+0.9322909228888042j),0.005
0.1836,(-0.27109185814940523+0.932002328940027j),0.005
0.1837,(-0.27202831174589565+0.9317127937793273j),0.005
0.18380000000000002,(-0.27296445719848733+0.9314223177327479j),0.005
0.1839,(-0.27390029356214585+0.9311309011272847j),0.005
0.184,(-0.27483581989217776+0.9308385442908942j),0.005
0.1841,(-0.27577103524424434+0.9305452475524671j),0.005
0.1842,(-0.2767059386743485+0.9302510112418494j),0.005
0.18430000000000002,(-0.27764052923884674+0.9299558356898362j),0.005
0.1844,(-0.2785748059944423+0.929659721228168j),0.005
0.1845,(-0.2795087679981917+0.9293626681895314j),0.005
0.18460000000000001,(-0.28044241430749894+0.9290646769075612j),0.005
0.1847,(-0.2813757439801273+0.9287657477168354j),0.005
0.18480000000000002,(-0.2823087560741885+0.9284658809528862j),0.005
0.1849,(-0.2832414496481517+0.9281650769521811j),0.005
0.185,(-0.2841738237608394+0.9278633360521396j),0.005
0.18510000000000001,(-0.2851058774714327+0.927560658591122j),0.005
0.1852,(-0.28603760983946824+0.9272570449084304j),0.005
0.18530000000000002,(-0.2869690199248456+0.9269524953443302j),0.005
0.1854,(-0.2879001067878176+0.9266470102399998j),0.005
0.1855,(-0.2888308694890008+0.9263405899375875j),0.005
0.18560000000000001,(-0.2897613070893732+0.9260332347801711j),0.005
0.1857,(-0.2906914186502731+0.9257249451117694j),0.005
0.18580000000000002,(-0.2916212032334062+0.9254157212773567j),0.005
0.1859,(-0.29255065990083656+0.9251055636228316j),0.005
0.186,(-0.29347978771499883+0.9247944724950449j),0.005
0.18610000000000002,(-0.2944085857386878+0.9244824482417958j),0.005
0.1862,(-0.2953370530350707+0.9241694912117958j),0.005
0.18630000000000002,(-0.2962651886676799+0.9238556017547364j),0.005
0.1864,(-0.2971929917004195+0.9235407802212154j),0.005
0.1865,(-0.2981204611975572+0.9232250269627879j),0.005
0.18660000000000002,(-0.2990475962237363+0.9229083423319387j),0.005
0.1867,(-0.2999743958439723+0.9225907266821006j),0.005
0.18680000000000002,(-0.30090085912365094+0.9222721803676359j),0.005
0.1869,(-0.3018269851285344+0.9219527037438517j),0.005
0.187,(-0.30275277292475367+0.9216322971669897j),0.005
0.18710000000000002,(-0.30367822157882246+0.9213109609942283j),0.005
0.1872,(-0.30460333015762553+0.9209886955836782j),0.005
0.18730000000000002,(-0.3055280977284272+0.9206655012943958j),0.005
0.1874,(-0.3064525233588713+0.9203413784863702j),0.005
0.1875,(-0.30737660611697637+0.9200163275205255j),0.005
0.18760000000000002,(-0.3083003450711448+0.9196903487587152j),0.005
0.1877,(-0.3092237392901596+0.9193634425637385j),0.005
0.18780000000000002,(-0.3101467878431858+0.9190356092993183j),0.005
0.1879,(-0.31106948979976967+0.9187068493301173j),0.005
0.188,(-0.3119918442298434+0.918377163021735j),0.005
0.18810000000000002,(-0.31291385020372364+0.9180465507406967j),0.005
0.1882,(-0.31383550679211325+0.9177150128544623j),0.005
0.1883,(-0.31475681306610026+0.9173825497314241j),0.005
0.1884,(-0.31567776809716186+0.9170491617409099j),0.005
0.1885,(-0.31659837095716+0.9167148492531816j),0.005
0.18860000000000002,(-0.3175186207183532+0.9163796126394183j),0.005
0.1887,(-0.31843851645338306+0.9160434522717453j),0.005
0.1888,(-0.3193580572352874+0.9157063685232055j),0.005
0.1889,(-0.32027724213749625+0.9153683617677867j),0.005
0.189,(-0.3211960702338303+0.9150294323803893j),0.005
0.18910000000000002,(-0.32211454059850386+0.9146895807368565j),0.005
0.1892,(-0.32303265230613043+0.91434880721395j),0.005
0.1893,(-0.32395040443171674+0.9140071121893627j),0.005
0.1894,(-0.3248677960506678+0.9136644960417266j),0.005
0.1895,(-0.32578482623878274+0.9133209591505801j),0.005
0.18960000000000002,(-0.32670149407226456+0.9129765018964106j),0.005
0.1897,(-0.3276177986277146+0.9126311246606107j),0.005
0.1898,(-0.328533738982132+0.9122848278255175j),0.005
0.1899,(-0.32944931421292206+0.9119376117743844j),0.005
0.19,(-0.3303645233978878+0.911589476891387j),0.005
0.19010000000000002,(-0.3312793656152404+0.9112404235616367j),0.005
0.1902,(-0.3321938399435921+0.9108904521711653j),0.005
0.1903,(-0.33310794546196154+0.9105395631069132j),0.005
0.1904,(-0.3340216812497737+0.9101877567567737j),0.005
0.1905,(-0.33493504638686056+0.9098350335095395j),0.005
0.19060000000000002,(-0.3358480399534625+0.9094813937549368j),0.005
0.1907,(-0.33676066103022995+0.9091268378836035j),0.005
0.1908,(-0.33767290869821975+0.9087713662871191j),0.005
0.19090000000000001,(-0.33858478203890396+0.9084149793579666j),0.005
0.191,(-0.33949628013416316+0.9080576774895567j),0.005
0.19110000000000002,(-0.34040740206629205+0.9076994610762198j),0.005
0.1912,(-0.3413181469179984+0.9073403305132065j),0.005
0.1913,(-0.3422285137724079+0.9069802861966911j),0.005
0.19140000000000001,(-0.34313850171305604+0.9066193285237573j),0.005
0.1915,(-0.34404810982389605+0.9062574578924228j),0.005
0.19160000000000002,(-0.3449573371893041+0.9058946747016056j),0.005
0.1917,(-0.3458661828940678+0.905530979351153j),0.005
0.1918,(-0.3467746460233971+0.9051663722418359j),0.005
0.19190000000000002,(-0.34768272566292263+0.9048008537753298j),0.005
0.192,(-0.348590420898691+0.9044344243542286j),0.005
0.19210000000000002,(-0.3494977308171803+0.9040670843820472j),0.005
0.1922,(-0.3504046545052824+0.9036988342632127j),0.005
0.1923,(-0.3513111910503162+0.9033296744030742j),0.005
0.19240000000000002,(-0.3522173395400266+0.9029596052078875j),0.005
0.1925,(-0.3531230990625833+0.9025886270848249j),0.005
0.19260000000000002,(-0.3540284687065814+0.9022167404419754j),0.005
0.1927,(-0.35493344756104345+0.9018439456883435j),0.005
0.1928,(-0.3558380347154218+0.9014702432338428j),0.005
0.19290000000000002,(-0.35674222925960036+0.9010956334892929j),0.005
0.193,(-0.3576460302838854+0.900720116866441j),0.005
0.19310000000000002,(-0.3585494368790203+0.9003436937779341j),0.005
0.1932,(-0.35945244813618066+0.8999663646373406j),0.005
0.1933,(-0.36035506314697513+0.8995881298591266j),0.005
0.19340000000000002,(-0.3612572810034401+0.8992089898586844j),0.005
0.1935,(-0.362159100798055+0.8988289450522962j),0.005
0.19360000000000002,(-0.36306052162372837+0.8984479958571775j),0.005
0.1937,(-0.36396154257381114+0.8980661426914337j),0.005
0.1938,(-0.3648621627420866+0.8976833859740831j),0.005
0.19390000000000002,(-0.3657623812227797+0.8972997261250623j),0.005
0.194,(-0.3666621971105534+0.8969151635652048j),0.005
0.19410000000000002,(-0.3675616095005082+0.8965296987162577j),0.005
0.1942,(-0.36846061748819137+0.8961433320008659j),0.005
0.1943,(-0.36935922016958944+0.8957560638425945j),0.005
0.19440000000000002,(-0.3702574166411317+0.8953678946658952j),0.005
0.1945,(-0.3711552059996909+0.8949788248961477j),0.005
0.19460000000000002,(-0.3720525873425836+0.894588854959622j),0.005
0.1947,(-0.3729495597675737+0.8941979852835003j),0.005
0.1948,(-0.37384612237287346+0.8938062162958534j),0.005
0.19490000000000002,(-0.37474227425713824+0.8934135484256772j),0.005
0.195,(-0.3756380145194784+0.8930199821028534j),0.005
0.1951,(-0.3765333422594412+0.8926255177581811j),0.005
0.1952,(-0.37742825657703705+0.8922301558233426j),0.005
0.1953,(-0.378322756572724+0.8918338967309463j),0.005
0.19540000000000002,(-0.3792168413474073+0.8914367409144779j),0.005
0.1955,(-0.3801105100024501+0.8910386888083445j),0.005
0.1956,(-0.38100376163966726+0.8906397408478317j),0.005
0.1957,(-0.3818965953613266+0.8902398974691444j),0.005
0.1958,(-0.38278901027015555+0.8898391591093725j),0.005
0.19590000000000002,(-0.3836810054693366+0.8894375262065197j),0.005
0.196,(-0.3845725800625079+0.8890349991994726j),0.005
0.1961,(-0.3854637331537677+0.8886315785280272j),0.005
0.1962,(-0.3863544638476727+0.888227264632867j),0.005
0.1963,(-0.3872447712492395+0.8878220579555867j),0.005
0.19640000000000002,(-0.388134654463944+0.8874159589386589j),0.005
0.1965,(-0.3890241125977298+0.8870089680254672j),0.005
0.1966,(-0.38991314475699657+0.8866010856602827j),0.005
0.1967,(-0.3908017500486118+0.886192312288277j),0.005
0.1968,(-0.3916899275799074+0.8857826483555117j),0.005
0.19690000000000002,(-0.39257767645867664+0.8853720943089451j),0.005
0.197,(-0.39346499579318533+0.8849606505964245j),0.005
0.1971,(-0.3943518846921597+0.884548317666695j),0.005
0.19720000000000001,(-0.3952383422648011+0.8841350959693977j),0.005
0.1973,(-0.39612436762077263+0.8837209859550565j),0.005
0.19740000000000002,(-0.39700995987021703+0.8833059880750899j),0.005
0.1975,(-0.39789511812373785+0.8828901027818147j),0.005
0.1976,(-0.39877984149241774+0.882473330528428j),0.005
0.19770000000000001,(-0.39966412908780496+0.8820556717690236j),0.005
0.1978,(-0.4005479800219286+0.8816371269585849j),0.005
0.19790000000000002,(-0.4014313934072848+0.8812176965529789j),0.005
0.198,(-0.4023143683568539+0.8807973810089692j),0.005
0.1981,(-0.4031969039840837+0.880376180784197j),0.005
0.19820000000000002,(-0.40407899940290537+0.8799540963372059j),0.005
0.1983,(-0.40496065372772466+0.8795311281274105j),0.005
0.19840000000000002,(-0.40584186607342504+0.8791072766151244j),0.005
0.1985,(-0.40672263555537475+0.8786825422615402j),0.005
0.1986,(-0.4076029612894185+0.8782569255287411j),0.005
0.19870000000000002,(-0.40848284239188215+0.8778304268796926j),0.005
0.1988,(-0.4093622779795763+0.8774030467782445j),0.005
0.19890000000000002,(-0.41024126716979376+0.8769747856891354j),0.005
0.199,(-0.41111980908031454+0.8765456440779783j),0.005
0.1991,(-0.4119979028293942+0.8761156224112762j),0.005
0.19920000000000002,(-0.41287554753578726+0.8756847211564163j),0.005
0.1993,(-0.41375274231872483+0.8752529407816613j),0.005
0.19940000000000002,(-0.4146294862979306+0.8748202817561594j),0.005
0.1995,(-0.4155057785936165+0.8743867445499458j),0.005
0.1996,(-0.416381618326481+0.8739523296339239j),0.005
0.19970000000000002,(-0.41725700461771675+0.8735170374798871j),0.005
0.1998,(-0.4181319365890049+0.8730808685605035j),0.005
0.19990000000000002,(-0.41900641336252215+0.8726438233493194j),0.005
0.2,(-0.41988043406093317+0.8722059023207686j),0.005
