t,signal,gamma
0.0,(0.9999999999999998+5.784218590210166e-16j),0.0005
0.0001,(0.9999990963719882-0.0005012078951870296j),0.0005
0.0002,(0.9999979415315506-0.0010024148932707452j),0.0005
0.00030000000000000003,(0.9999965354793531-0.001503620868341863j),0.0005
0.0004,(0.9999948782161425-0.0020048256944919175j),0.0005
0.0005,(0.9999929697427192-0.0025060292458128873j),0.0005
0.0006000000000000001,(0.9999908100599445-0.0030072313963977696j),0.0005
0.0007,(0.9999883991687597-0.003508432020340036j),0.0005
0.0008,(0.9999857370701447-0.00400963099173231j),0.0005
0.0009000000000000001,(0.9999828237651592-0.004510828184670177j),0.0005
0.001,(0.9999796592549239-0.005012023473248042j),0.0005
0.0011,(0.9999762435406168-0.005513216731561833j),0.0005
0.0012000000000000001,(0.9999725766234869-0.006014407833707656j),0.0005
0.0013000000000000002,(0.9999686585048372-0.006515596653782491j),0.0005
0.0014,(0.9999644891860413-0.007016783065884793j),0.0005
0.0015,(0.9999600686685304-0.007517966944113035j),0.0005
0.0016,(0.999955396953802-0.00801914816256662j),0.0005
0.0017000000000000001,(0.9999504740434205-0.008520326595346j),0.0005
0.0018000000000000002,(0.9999452999390034-0.009021502116551993j),0.0005
0.0019,(0.9999398746422423-0.009522674600287068j),0.0005
0.002,(0.9999341981548847-0.010023843920654692j),0.0005
0.0021000000000000003,(0.99992827047874-0.010525009951758861j),0.0005
0.0022,(0.9999220916156882-0.01102617256770467j),0.0005
0.0023,(0.9999156615676631-0.011527331642598527j),0.0005
0.0024000000000000002,(0.999908980336672-0.012028487050547586j),0.0005
0.0025,(0.9999020479247774-0.012529638665659754j),0.0005
0.0026000000000000003,(0.9998948643341099-0.013030786362045821j),0.0005
0.0027,(0.9998874295668494-0.013531930013815443j),0.0005
0.0028,(0.999879743625265-0.014033069495081117j),0.0005
0.0029000000000000002,(0.9998718065116685-0.01453420467995534j),0.0005
0.003,(0.9998636182284352-0.015035335442553635j),0.0005
0.0031000000000000003,(0.999855178778015-0.01553646165699121j),0.0005
0.0032,(0.9998464881629142-0.01603758319738502j),0.0005
0.0033,(0.9998375463856969-0.016538699937853663j),0.0005
0.0034000000000000002,(0.9998283534490012-0.017039811752517026j),0.0005
0.0035,(0.9998189093555191-0.01754091851549682j),0.0005
0.0036000000000000003,(0.9998092141080132-0.018042020100915164j),0.0005
0.0037,(0.9997992677093063-0.018543116382896498j),0.0005
0.0038,(0.99978907016228-0.0190442072355668j),0.0005
0.0039000000000000003,(0.9997786214698788-0.019545292533053395j),0.0005
0.004,(0.9997679216351267-0.020046372149485136j),0.0005
0.0041,(0.9997569706610863-0.020547445958992484j),0.0005
0.004200000000000001,(0.9997457685508987-0.021048513835707643j),0.0005
0.0043,(0.999734315307767-0.02154957565376484j),0.0005
0.0044,(0.9997226109349503-0.022050631287299345j),0.0005
0.0045000000000000005,(0.9997106554357801-0.02255168061044874j),0.0005
0.0046,(0.9996984488136426-0.02305272349735164j),0.0005
0.0047,(0.9996859910719893-0.023553759822149484j),0.0005
0.0048000000000000004,(0.9996732822143423-0.024054789458985305j),0.0005
0.0049,(0.9996603222442739-0.024555812282002903j),0.0005
0.005,(0.9996471111654321-0.025056828165349897j),0.0005
0.0051,(0.9996336489815181-0.0255578369831737j),0.0005
0.005200000000000001,(0.9996199356963017-0.02605883860962574j),0.0005
0.0053,(0.9996059713136125-0.02655983291885781j),0.0005
0.0054,(0.9995917558373488-0.027060819785024823j),0.0005
0.0055000000000000005,(0.9995772892714647-0.02756179908228283j),0.0005
0.0056,(0.9995625716199805-0.02806277068479132j),0.0005
0.0057,(0.9995476028869826-0.028563734466710233j),0.0005
0.0058000000000000005,(0.9995323830766143-0.029064690302203076j),0.0005
0.0059,(0.9995169121930875-0.029565638065434673j),0.0005
0.006,(0.9995011902406751-0.030066577630572668j),0.0005
0.0061,(0.999485217223711-0.030567508871786567j),0.0005
0.006200000000000001,(0.9994689931465995-0.031068431663247947j),0.0005
0.0063,(0.9994525180137972-0.03156934587913137j),0.0005
0.0064,(0.9994357918298292-0.0320702513936135j),0.0005
0.006500000000000001,(0.999418814599285-0.03257114808087287j),0.0005
0.0066,(0.9994015863268182-0.03307203581509121j),0.0005
0.0067,(0.9993841070171372-0.03357291447045187j),0.0005
0.0068000000000000005,(0.9993663766750241-0.03407378392114159j),0.0005
0.006900000000000001,(0.999348395305323-0.034574644041348995j),0.0005
0.007,(0.9993301629129296-0.03507549470526524j),0.0005
0.0071,(0.9993116795028105-0.03557633578708419j),0.0005
0.007200000000000001,(0.9992929450800024-0.03607716716100243j),0.0005
0.0073,(0.9992739596495915-0.036577988701219255j),0.0005
0.0074,(0.9992547232167365-0.0370788002819362j),0.0005
0.007500000000000001,(0.9992352357866483-0.037579601777357856j),0.0005
0.0076,(0.9992154973646211-0.038080393061691316j),0.0005
0.0077,(0.9991955079559947-0.03858117400914673j),0.0005
0.0078000000000000005,(0.9991752675661757-0.039081944493936524j),0.0005
0.0079,(0.9991547762006325-0.039582704390276446j),0.0005
0.008,(0.9991340338649052-0.04008345357238488j),0.0005
0.0081,(0.9991130405645823-0.04058419191448372j),0.0005
0.0082,(0.9990917963053332-0.041084919290795864j),0.0005
0.0083,(0.9990703010928775-0.041585635575549465j),0.0005
0.008400000000000001,(0.9990485549329963-0.04208634064297485j),0.0005
0.0085,(0.9990265578315446-0.04258703436730449j),0.0005
0.0086,(0.9990043097944318-0.043087716622775156j),0.0005
0.008700000000000001,(0.9989818108276349-0.04358838728362562j),0.0005
0.0088,(0.9989590609371872-0.0440890462240986j),0.0005
0.0089,(0.9989360601291981-0.04458969331843977j),0.0005
0.009000000000000001,(0.9989128084098258-0.04509032844089762j),0.0005
0.0091,(0.9988893057853019-0.045590951465724075j),0.0005
0.0092,(0.9988655522619064-0.04609156226717394j),0.0005
0.009300000000000001,(0.9988415478460075-0.046592160719506205j),0.0005
0.0094,(0.9988172925440121-0.04709274669698228j),0.0005
0.0095,(0.9987927863623973-0.04759332007386687j),0.0005
0.009600000000000001,(0.9987680293077118-0.04809388072442871j),0.0005
0.0097,(0.9987430213865578-0.04859442852293963j),0.0005
0.0098,(0.9987177626056098-0.049094963343674955j),0.0005
0.0099,(0.9986922529715858-0.04959548506091245j),0.0005
0.01,(0.998666492491293-0.05009599354893512j),0.0005
0.010100000000000001,(0.9986404811715808-0.05059648868202847j),0.0005
0.0102,(0.9986142190193759-0.05109697033448136j),0.0005
0.0103,(0.9985877060416575-0.05159743838058697j),0.0005
0.010400000000000001,(0.9985609422454695-0.05209789269464136j),0.0005
0.0105,(0.998533927637927-0.05259833315094485j),0.0005
0.0106,(0.9985066622262002-0.053098759623800736j),0.0005
0.010700000000000001,(0.9984791460175259-0.053599171987516535j),0.0005
0.0108,(0.9984513790192006-0.05409957011640391j),0.0005
0.0109,(0.9984233612385823-0.05459995388477699j),0.0005
0.011000000000000001,(0.9983950926831012-0.05510032316695528j),0.0005
0.0111,(0.9983665733602415-0.05560067783726093j),0.0005
0.0112,(0.9983378032775564-0.056101017770020134j),0.0005
0.011300000000000001,(0.9983087824426561-0.056601342839563404j),0.0005
0.0114,(0.9982795108632168-0.05710165292022487j),0.0005
0.0115,(0.9982499885469799-0.05760194788634299j),0.0005
0.011600000000000001,(0.9982202155017488-0.05810222761226024j),0.0005
0.0117,(0.9981901917353827-0.05860249197232169j),0.0005
0.0118,(0.9981599172558127-0.059102740840878555j),0.0005
0.0119,(0.9981293920710307-0.05960297409228517j),0.0005
0.012,(0.9980986161890956-0.0601031916008992j),0.0005
0.012100000000000001,(0.998067589618112-0.06060339324108424j),0.0005
0.0122,(0.9980363123662779-0.06110357888720649j),0.0005
0.0123,(0.9980047844418194-0.06160374841363727j),0.0005
0.012400000000000001,(0.9979730058530483-0.062103901694751905j),0.0005
0.0125,(0.9979409766083381-0.06260403860492902j),0.0005
0.0126,(0.9979086967161144-0.0631041590185534j),0.0005
0.012700000000000001,(0.9978761661848716-0.06360426281001288j),0.0005
0.0128,(0.997843385023177-0.06410434985370007j),0.0005
0.0129,(0.9978103532396434-0.06460442002401176j),0.0005
0.013000000000000001,(0.997777070842953-0.06510447319534955j),0.0005
0.0131,(0.9977435378418544-0.06560450924211905j),0.0005
0.0132,(0.9977097542451593-0.06610452803873047j),0.0005
0.013300000000000001,(0.9976757200617391-0.06660452945959923j),0.0005
0.0134,(0.9976414353005317-0.06710451337914335j),0.0005
0.0135,(0.9976068999705302-0.06760447967178829j),0.0005
0.013600000000000001,(0.9975721140807978-0.06810442821196279j),0.0005
0.0137,(0.9975370776404613-0.0686043588740989j),0.0005
0.013800000000000002,(0.9975017906587041-0.06910427153263507j),0.0005
0.013900000000000001,(0.9974662531447775-0.06960416606201456j),0.0005
0.014,(0.9974304651079995-0.07010404233668407j),0.0005
0.014100000000000001,(0.9973944265577367-0.07060390023109586j),0.0005
0.0142,(0.997358137503433-0.07110373961970776j),0.0005
0.0143,(0.9973215979545936-0.0716035603769801j),0.0005
0.014400000000000001,(0.99728480792078-0.07210336237738102j),0.0005
0.0145,(0.9972477674116154-0.07260314549538172j),0.0005
0.0146,(0.9972104764367963-0.07310290960545845j),0.0005
0.014700000000000001,(0.9971729350060736-0.07360265458209296j),0.0005
0.0148,(0.9971351431292629-0.07410238029977187j),0.0005
0.0149,(0.9970971008162466-0.07460208663298659j),0.0005
0.015000000000000001,(0.9970588080769647-0.07510177345623387j),0.0005
0.0151,(0.9970202649214223-0.07560144064401529j),0.0005
0.0152,(0.9969814713596882-0.07610108807083778j),0.0005
0.015300000000000001,(0.9969424274018913-0.07660071561121322j),0.0005
0.0154,(0.9969031330582271-0.07710032313965887j),0.0005
0.0155,(0.9968635883389522-0.07759991053069734j),0.0005
0.015600000000000001,(0.996823793254381-0.0780994776588563j),0.0005
0.015700000000000002,(0.9967837478149034-0.07859902439866838j),0.0005
0.0158,(0.9967434520309604-0.079098550624672j),0.0005
0.0159,(0.9967029059130595-0.07959805621141117j),0.0005
0.016,(0.9966621094717742-0.08009754103343368j),0.0005
0.0161,(0.9966210627177382-0.0805970049652954j),0.0005
0.0162,(0.9965797656616436-0.0810964478815556j),0.0005
0.016300000000000002,(0.9965382183142538-0.08159586965677883j),0.0005
0.0164,(0.9964964206863931-0.08209527016553707j),0.0005
0.0165,(0.9964543727889419-0.08259464928240634j),0.0005
0.0166,(0.9964120746328545-0.08309400688196796j),0.0005
0.0167,(0.9963695262291337-0.0835933428388101j),0.0005
0.016800000000000002,(0.9963267275888609-0.08409265702752557j),0.0005
0.016900000000000002,(0.9962836787231703-0.0845919493227132j),0.0005
0.017,(0.9962403796432567-0.08509121959897772j),0.0005
0.0171,(0.9961968303603893-0.08559046773092953j),0.0005
0.0172,(0.9961530308858887-0.08608969359318415j),0.0005
0.0173,(0.9961089812311453-0.08658889706036285j),0.0005
0.017400000000000002,(0.9960646814076076-0.08708807800709455j),0.0005
0.0175,(0.9960201314267948-0.08758723630801193j),0.0005
0.0176,(0.9959753313002752-0.0880863718377541j),0.0005
0.0177,(0.9959302810396928-0.08858548447096695j),0.0005
0.0178,(0.9958849806567527-0.08908457408230108j),0.0005
0.0179,(0.9958394301632136-0.08958364054641386j),0.0005
0.018000000000000002,(0.9957936295709062-0.09008268373796835j),0.0005
0.0181,(0.9957475788917228-0.0905817035316339j),0.0005
0.0182,(0.9957012781376131-0.09108069980208595j),0.0005
0.0183,(0.9956547273205967-0.0915796724240051j),0.0005
0.0184,(0.9956079264527514-0.09207862127207983j),0.0005
0.018500000000000003,(0.9955608755462163-0.09257754622100288j),0.0005
0.018600000000000002,(0.9955135746131962-0.09307644714547506j),0.0005
0.0187,(0.995466023665967-0.09357532392020207j),0.0005
0.0188,(0.9954182227168477-0.0940741764198958j),0.0005
0.0189,(0.9953701717782323-0.09457300451927564j),0.0005
0.019,(0.9953218708625875-0.09507180809306615j),0.0005
0.019100000000000002,(0.9952733199824195-0.09557058701599877j),0.0005
0.019200000000000002,(0.995224519150319-0.09606934116281095j),0.0005
0.0193,(0.9951754683789215-0.09656807040824678j),0.0005
0.0194,(0.995126167680936-0.09706677462705819j),0.0005
0.0195,(0.9950766170691404-0.09756545369400024j),0.0005
0.0196,(0.9950268165563573-0.09806410748383763j),0.0005
0.019700000000000002,(0.9949767661554836-0.0985627358713402j),0.0005
0.0198,(0.9949264658794814-0.09906133873128446j),0.0005
0.0199,(0.9948759157413647-0.09955991593845423j),0.0005
0.02,(0.9948251157542243-0.100058467367639j),0.0005
0.0201,(0.9947740659311993-0.10055699289363505j),0.0005
0.020200000000000003,(0.994722766285505-0.10105549239124674j),0.0005
0.020300000000000002,(0.994671216830408-0.10155396573528325j),0.0005
0.0204,(0.9946194175792455-0.10205241280056133j),0.0005
0.0205,(0.9945673685454116-0.10255083346190501j),0.0005
0.0206,(0.9945150697423691-0.1030492275941443j),0.0005
0.0207,(0.9944625211836412-0.10354759507211697j),0.0005
0.020800000000000003,(0.9944097228828085-0.10404593577066631j),0.0005
0.020900000000000002,(0.9943566748535217-0.10454424956464457j),0.0005
0.021,(0.994303377109492-0.10504253632890878j),0.0005
0.0211,(0.9942498296644937-0.10554079593832408j),0.0005
0.0212,(0.9941960325323631-0.10603902826776297j),0.0005
0.0213,(0.9941419857269955-0.10653723319210412j),0.0005
0.021400000000000002,(0.9940876892623511-0.1070354105862341j),0.0005
0.021500000000000002,(0.9940331431524596-0.10753356032504538j),0.0005
0.0216,(0.9939783474114036-0.10803168228343925j),0.0005
0.0217,(0.9939233020533388-0.10852977633632283j),0.0005
0.0218,(0.9938680070924697-0.10902784235861077j),0.0005
0.0219,(0.993812462543077-0.10952588022522475j),0.0005
0.022000000000000002,(0.9937566684194911-0.11002388981109525j),0.0005
0.0221,(0.9937006247361255-0.1105218709911582j),0.0005
0.0222,(0.9936443315074234-0.11101982364035656j),0.0005
0.0223,(0.9935877887479297-0.11151774763364256j),0.0005
0.0224,(0.9935309964722249-0.11201564284597504j),0.0005
0.022500000000000003,(0.9934739546949573-0.1125135091523191j),0.0005
0.022600000000000002,(0.9934166634308431-0.11301134642764951j),0.0005
0.0227,(0.9933591226946593-0.11350915454694678j),0.0005
0.0228,(0.993301332501246-0.11400693338519864j),0.0005
0.0229,(0.9932432928654991-0.11450468281740189j),0.0005
0.023,(0.9931850038023851-0.11500240271856008j),0.0005
0.023100000000000002,(0.9931264653269365-0.11550009296368462j),0.0005
0.023200000000000002,(0.9930676774542353-0.11599775342779449j),0.0005
0.0233,(0.9930086401994367-0.11649538398591551j),0.0005
0.0234,(0.9929493535777576-0.11699298451308288j),0.0005
0.0235,(0.9928898176044686-0.11749055488433817j),0.0005
0.0236,(0.9928300322949175-0.11798809497473078j),0.0005
0.023700000000000002,(0.9927699976645021-0.11848560465931912j),0.0005
0.0238,(0.9927097137286902-0.11898308381316856j),0.0005
0.0239,(0.992649180503003-0.11948053231135095j),0.0005
0.024,(0.9925883980030396-0.11997795002894948j),0.0005
0.0241,(0.9925273662444491-0.12047533684105186j),0.0005
0.024200000000000003,(0.9924660852429519-0.12097269262275592j),0.0005
0.024300000000000002,(0.9924045550143124-0.12147001724916569j),0.0005
0.0244,(0.9923427755743889-0.12196731059539481j),0.0005
0.0245,(0.992280746939071-0.12246457253656577j),0.0005
0.0246,(0.9922184691243311-0.1229618029478055j),0.0005
0.0247,(0.9921559421462006-0.12345900170425196j),0.0005
0.024800000000000003,(0.9920931660207608-0.12395616868105218j),0.0005
0.024900000000000002,(0.9920301407641703-0.12445330375335696j),0.0005
0.025,(0.9919668663926527-0.1249504067963302j),0.0005
0.0251,(0.9919033429224743-0.12544747768514153j),0.0005
0.0252,(0.9918395703699823-0.12594451629496964j),0.0005
0.0253,(0.9917755487515816-0.12644152250099971j),0.0005
0.025400000000000002,(0.991711278083736-0.1269384961784283j),0.0005
0.025500000000000002,(0.9916467583829737-0.12743543720245812j),0.0005
0.0256,(0.9915819896658924-0.1279323454483006j),0.0005
0.0257,(0.991516971949137-0.12842922079117663j),0.0005
0.0258,(0.9914517052494303-0.12892606310631421j),0.0005
0.025900000000000003,(0.9913861895835503-0.12942287226895072j),0.0005
0.026000000000000002,(0.9913204249683398-0.12991964815433132j),0.0005
0.0261,(0.9912544114206964-0.13041639063771132j),0.0005
0.0262,(0.9911881489575926-0.13091309959435196j),0.0005
0.0263,(0.9911216375960554-0.13140977489952554j),0.0005
0.0264,(0.9910548773531788-0.13190641642851264j),0.0005
0.026500000000000003,(0.9909878682461104-0.1324030240566009j),0.0005
0.026600000000000002,(0.990920610292074-0.13289959765908727j),0.0005
0.0267,(0.9908531035083479-0.13339613711127965j),0.0005
0.0268,(0.9907853479122698-0.13389264228849174j),0.0005
0.0269,(0.9907173435212429-0.1343891130660471j),0.0005
0.027,(0.9906490903527381-0.13488554931927868j),0.0005
0.027100000000000003,(0.9905805884242829-0.13538195092352767j),0.0005
0.027200000000000002,(0.9905118377534692-0.1358783177541454j),0.0005
0.0273,(0.9904428383579476-0.13637464968648894j),0.0005
0.0274,(0.9903735902554368-0.13687094659592924j),0.0005
0.0275,(0.9903040934637173-0.13736720835784097j),0.0005
0.027600000000000003,(0.9902343480006284-0.1378634348476122j),0.0005
0.027700000000000002,(0.9901643538840731-0.13835962594063678j),0.0005
0.027800000000000002,(0.9900941111320184-0.13885578151231917j),0.0005
0.0279,(0.9900236197624905-0.13935190143807452j),0.0005
0.028,(0.9899528797935845-0.13984798559332437j),0.0005
0.0281,(0.9898818912434492-0.14034403385349922j),0.0005
0.028200000000000003,(0.9898106541303087-0.14084004609404238j),0.0005
0.028300000000000002,(0.9897391684724286-0.14133602219040206j),0.0005
0.0284,(0.9896674342881595-0.1418319620180387j),0.0005
0.0285,(0.9895954515959052-0.14232786545242193j),0.0005
0.0286,(0.9895232204141203-0.1428237323690288j),0.0005
0.0287,(0.9894507407613445-0.14331956264334622j),0.0005
0.028800000000000003,(0.9893780126561633-0.1438153561508721j),0.0005
0.028900000000000002,(0.9893050361172263-0.14431111276711234j),0.0005
0.029,(0.9892318111632499-0.14480683236758407j),0.0005
0.0291,(0.9891583378130184-0.1453025148278104j),0.0005
0.0292,(0.9890846160853605-0.1457981600233274j),0.0005
0.029300000000000003,(0.9890106459991863-0.14629376782967898j),0.0005
0.029400000000000003,(0.9889364275734541-0.1467893381224199j),0.0005
0.029500000000000002,(0.9888619608271967-0.1472848707771126j),0.0005
0.0296,(0.9887872457794996-0.14778036566933114j),0.0005
0.0297,(0.9887122824495232-0.14827582267465794j),0.0005
0.0298,(0.9886370708564642-0.1487712416686851j),0.0005
0.029900000000000003,(0.9885616110196129-0.1492666225270166j),0.0005
0.030000000000000002,(0.9884859029582983-0.14976196512526255j),0.0005
0.030100000000000002,(0.9884099466919326-0.15025726933904598j),0.0005
0.0302,(0.98833374223997-0.15075253504399821j),0.0005
0.0303,(0.9882572896219366-0.15124776211576169j),0.0005
0.0304,(0.9881805888574239-0.15174295042998737j),0.0005
0.030500000000000003,(0.9881036399660805-0.1522380998623353j),0.0005
0.030600000000000002,(0.9880264429676159-0.15273321028847814j),0.0005
0.0307,(0.9879489978818132-0.15322828158409843j),0.0005
0.0308,(0.9878713047285003-0.15372331362488567j),0.0005
0.0309,(0.9877933635275761-0.15421830628654282j),0.0005
0.031,(0.987715174299014-0.15471325944477923j),0.0005
0.031100000000000003,(0.987636737062826-0.155208172975319j),0.0005
0.031200000000000002,(0.9875580518390996-0.15570304675389307j),0.0005
0.0313,(0.9874791186479865-0.15619788065624246j),0.0005
0.031400000000000004,(0.9873999375096969-0.15669267455812008j),0.0005
0.0315,(0.9873205084445071-0.1571874283352894j),0.0005
0.0316,(0.987240831472746-0.15768214186352122j),0.0005
0.0317,(0.9871609066148112-0.15817681501859926j),0.0005
0.0318,(0.9870807338911658-0.15867144767631725j),0.0005
0.031900000000000005,(0.9870003133223315-0.15916603971247886j),0.0005
0.032,(0.9869196449288878-0.15966059100289753j),0.0005
0.032100000000000004,(0.9868387287314894-0.16015510142339787j),0.0005
0.0322,(0.9867575647508385-0.1606495708498158j),0.0005
0.0323,(0.9866761530077097-0.16114399915799538j),0.0005
0.0324,(0.9865944935229315-0.16163838622379426j),0.0005
0.0325,(0.9865125863174001-0.16213273192307776j),0.0005
0.032600000000000004,(0.9864304314120725-0.16262703613172252j),0.0005
0.0327,(0.9863480288279777-0.16312129872561812j),0.0005
0.0328,(0.9862653785861839-0.16361551958066098j),0.0005
0.0329,(0.9861824807078429-0.1641096985727624j),0.0005
0.033,(0.9860993352141537-0.16460383557783817j),0.0005
0.033100000000000004,(0.9860159421263949-0.1650979304718228j),0.0005
0.0332,(0.9859323014658903-0.1655919831306568j),0.0005
0.0333,(0.9858484132540346-0.16608599343029073j),0.0005
0.0334,(0.9857642775122829-0.16657996124668883j),0.0005
0.0335,(0.9856798942621512-0.16707388645582386j),0.0005
0.033600000000000005,(0.9855952635252128-0.16756776893368136j),0.0005
0.0337,(0.9855103853231199-0.1680616085562563j),0.0005
0.033800000000000004,(0.9854252596775706-0.16855540519955517j),0.0005
0.0339,(0.9853398866103293-0.1690491587395957j),0.0005
0.034,(0.985254266143224-0.16954286905240648j),0.0005
0.0341,(0.9851683982981482-0.1700365360140276j),0.0005
0.0342,(0.9850822830970483-0.17053015950050893j),0.0005
0.034300000000000004,(0.9849959205619431-0.17102373938791407j),0.0005
0.0344,(0.9849093107149028-0.17151727555231275j),0.0005
0.0345,(0.9848224535780721-0.17201076786979144j),0.0005
0.0346,(0.984735349173645-0.17250421621644454j),0.0005
0.0347,(0.9846479975238872-0.17299762046837958j),0.0005
0.034800000000000005,(0.9845603986511209-0.17349098050171277j),0.0005
0.0349,(0.9844725525777399-0.1739842961925746j),0.0005
0.035,(0.9843844593261821-0.17447756741710482j),0.0005
0.0351,(0.9842961189189668-0.17497079405145566j),0.0005
0.0352,(0.9842075313786584-0.17546397597179064j),0.0005
0.035300000000000005,(0.9841186967278998-0.175957113054283j),0.0005
0.0354,(0.9840296149893819-0.17645020517511928j),0.0005
0.035500000000000004,(0.9839402861858677-0.1769432522104986j),0.0005
0.0356,(0.9838507103401771-0.17743625403662877j),0.0005
0.0357,(0.9837608874751872-0.17792921052973068j),0.0005
0.0358,(0.983670817613847-0.1784221215660357j),0.0005
0.0359,(0.9835805007791664-0.17891498702178812j),0.0005
0.036000000000000004,(0.9834899369942119-0.17940780677324425j),0.0005
0.0361,(0.9833991262821157-0.1799005806966706j),0.0005
0.0362,(0.9833080686660625-0.180393308668346j),0.0005
0.0363,(0.9832167641693214-0.18088599056456017j),0.0005
0.0364,(0.9831252128151979-0.181378626261618j),0.0005
0.036500000000000005,(0.9830334146270712-0.18187121563582997j),0.0005
0.0366,(0.9829413696283882-0.18236375856352502j),0.0005
0.0367,(0.9828490778426489-0.18285625492104j),0.0005
0.0368,(0.9827565392934187-0.18334870458472455j),0.0005
0.0369,(0.9826637540043207-0.18384110743093937j),0.0005
0.037000000000000005,(0.9825707219990504-0.18433346333605938j),0.0005
0.0371,(0.9824774433013456-0.1848257721764706j),0.0005
0.037200000000000004,(0.9823839179350339-0.1853180338285686j),0.0005
0.0373,(0.9822901459239797-0.18581024816876446j),0.0005
0.0374,(0.9821961272921231-0.18630241507347886j),0.0005
0.0375,(0.982101862063463-0.1867945344191476j),0.0005
0.0376,(0.9820073502620583-0.1872866060822142j),0.0005
0.037700000000000004,(0.9819125919120283-0.18777862993913727j),0.0005
0.0378,(0.9818175870375652-0.18827060586638894j),0.0005
0.0379,(0.9817223356629119-0.1887625337404501j),0.0005
0.038,(0.9816268378123665-0.18925441343781527j),0.0005
0.0381,(0.9815310935103069-0.18974624483499342j),0.0005
0.038200000000000005,(0.9814351027811666-0.19023802780850146j),0.0005
0.0383,(0.9813388656494313-0.1907297622348729j),0.0005
0.038400000000000004,(0.9812423821396663-0.19122144799065122j),0.0005
0.0385,(0.9811456522764808-0.19171308495239367j),0.0005
0.0386,(0.9810486760845555-0.19220467299666735j),0.0005
0.038700000000000005,(0.9809514535886339-0.19269621200005735j),0.0005
0.0388,(0.980853984813517-0.19318770183915376j),0.0005
0.038900000000000004,(0.9807562697840677-0.19367914239056527j),0.0005
0.039,(0.9806583085252136-0.19417053353091077j),0.0005
0.0391,(0.9805601010619436-0.19466187513682104j),0.0005
0.0392,(0.9804616474193057-0.19515316708494213j),0.0005
0.0393,(0.9803629476224125-0.19564440925192986j),0.0005
0.039400000000000004,(0.9802640016964356-0.19613560151445394j),0.0005
0.0395,(0.9801648096666178-0.19662674374919697j),0.0005
0.0396,(0.9800653715582466-0.19711783583285386j),0.0005
0.0397,(0.9799656873966854-0.19760887764213333j),0.0005
0.0398,(0.979865757207355-0.19809986905375626j),0.0005
0.039900000000000005,(0.9797655810157384-0.19859080994445566j),0.0005
0.04,(0.9796651588473754-0.1990817001909782j),0.0005
0.040100000000000004,(0.979564490727877-0.19957253967008357j),0.0005
0.0402,(0.9794635766829104-0.20006332825854428j),0.0005
0.0403,(0.9793624167382017-0.20055406583314497j),0.0005
0.040400000000000005,(0.979261010919545-0.20104475227068389j),0.0005
0.0405,(0.9791593592527905-0.2015353874479737j),0.0005
0.040600000000000004,(0.9790574617638529-0.20202597124183758j),0.0005
0.0407,(0.9789553184787141-0.20251650352911368j),0.0005
0.0408,(0.9788529294234073-0.20300698418665333j),0.0005
0.0409,(0.9787502946240314-0.2034974130913197j),0.0005
0.041,(0.9786474141067523-0.20398779011998983j),0.0005
0.041100000000000005,(0.9785442878977842-0.2044781151495537j),0.0005
0.0412,(0.9784409160234221-0.2049683880569157j),0.0005
0.0413,(0.9783372985100075-0.20545860871899171j),0.0005
0.0414,(0.978233435383948-0.20594877701271175j),0.0005
0.0415,(0.9781293266717164-0.20643889281502023j),0.0005
0.041600000000000005,(0.9780249723998422-0.20692895600287423j),0.0005
0.0417,(0.9779203725949162-0.20741896645324415j),0.0005
0.041800000000000004,(0.9778155272835978-0.2079089240431106j),0.0005
0.0419,(0.9777104364925977-0.208398828649474j),0.0005
0.042,(0.9776051002487007-0.20888868014934395j),0.0005
0.042100000000000005,(0.9774995185787418-0.20937847841974463j),0.0005
0.0422,(0.9773936915096223-0.2098682233377138j),0.0005
0.042300000000000004,(0.9772876190683061-0.21035791478030283j),0.0005
0.0424,(0.9771813012818192-0.21084755262457727j),0.0005
0.0425,(0.977074738177245-0.2113371367476151j),0.0005
0.0426,(0.9769679297817306-0.2118266670265083j),0.0005
0.0427,(0.9768608761224895-0.2123161433383637j),0.0005
0.042800000000000005,(0.9767535772267858-0.21280556556029956j),0.0005
0.0429,(0.976646033121962-0.2132949335694509j),0.0005
0.043000000000000003,(0.9765382438353957-0.21378424724296513j),0.0005
0.0431,(0.9764302093945582-0.2142735064580012j),0.0005
0.0432,(0.9763219298269602-0.21476271109173767j),0.0005
0.043300000000000005,(0.9762134051601766-0.2152518610213616j),0.0005
0.0434,(0.9761046354218568-0.21574095612407576j),0.0005
0.043500000000000004,(0.9759956206396936-0.21622999627709782j),0.0005
0.0436,(0.9758863608414541-0.2167189813576572j),0.0005
0.0437,(0.9757768560549587-0.21720791124299987j),0.0005
0.0438,(0.9756671063081026-0.2176967858103842j),0.0005
0.0439,(0.9755571116288202-0.21818560493708472j),0.0005
0.044000000000000004,(0.9754468720451346-0.21867436850038577j),0.0005
0.0441,(0.975336387585109-0.21916307637759086j),0.0005
0.0442,(0.9752256582768749-0.219651728446015j),0.0005
0.0443,(0.9751146841486266-0.2201403245829865j),0.0005
0.0444,(0.9750034652286197-0.22062886466585094j),0.0005
0.044500000000000005,(0.9748920015451711-0.22111734857196672j),0.0005
0.0446,(0.9747802931266545-0.22160577617870392j),0.0005
0.044700000000000004,(0.9746683400015139-0.22209414736345226j),0.0005
0.0448,(0.9745561421982474-0.22258246200361073j),0.0005
0.0449,(0.9744436997454223-0.22307071997659547j),0.0005
0.045000000000000005,(0.9743310126716552-0.22355892115983772j),0.0005
0.0451,(0.974218081005635-0.22404706543078043j),0.0005
0.045200000000000004,(0.9741049047761051-0.22453515266688262j),0.0005
0.0453,(0.9739914840118782-0.22502318274561783j),0.0005
0.0454,(0.9738778187418183-0.22551115554447523j),0.0005
0.0455,(0.9737639089948567-0.22599907094095548j),0.0005
0.0456,(0.9736497547999917-0.2264869288125773j),0.0005
0.045700000000000005,(0.9735353561862673-0.22697472903687183j),0.0005
0.0458,(0.973420713182803-0.2274624714913856j),0.0005
0.0459,(0.9733058258187746-0.22795015605368024j),0.0005
0.046,(0.9731906941234152-0.2284377826013299j),0.0005
0.0461,(0.9730753181260294-0.22892535101192718j),0.0005
0.046200000000000005,(0.9729596978559766-0.22941286116307727j),0.0005
0.0463,(0.9728438333426755-0.22990031293240046j),0.0005
0.046400000000000004,(0.9727277246156102-0.23038770619753104j),0.0005
0.0465,(0.9726113717043193-0.23087504083611973j),0.0005
0.0466,(0.9724947746384163-0.23136231672583032j),0.0005
0.046700000000000005,(0.9723779334475622-0.23184953374434472j),0.0005
0.0468,(0.9722608481614865-0.23233669176935676j),0.0005
0.046900000000000004,(0.9721435188099814-0.2328237906785762j),0.0005
0.047,(0.9720259454228904-0.2333108303497279j),0.0005
0.0471,(0.9719081280301287-0.2337978106605532j),0.0005
0.0472,(0.971790066661668-0.23428473148880483j),0.0005
0.0473,(0.9716717613475453-0.2347715927122541j),0.0005
0.047400000000000005,(0.9715532121178541-0.23525839420868783j),0.0005
0.0475,(0.9714344190027518-0.23574513585590354j),0.0005
0.0476,(0.971315382032453-0.23623181753172007j),0.0005
0.0477,(0.9711961012372384-0.23671843911396612j),0.0005
0.0478,(0.9710765766474485-0.23720500048049j),0.0005
0.047900000000000005,(0.9709568082934841-0.2376915015091521j),0.0005
0.048,(0.9708367962058062-0.23817794207782925j),0.0005
0.048100000000000004,(0.970716540414946-0.23866432206441518j),0.0005
0.0482,(0.9705960409514827-0.23915064134681602j),0.0005
0.0483,(0.9704752978460626-0.23963689980295605j),0.0005
0.048400000000000006,(0.9703543111293885-0.2401230973107736j),0.0005
0.0485,(0.9702330808322372-0.24060923374822235j),0.0005
0.048600000000000004,(0.9701116069854325-0.2410953089932739j),0.0005
0.0487,(0.9699898896198671-0.24158132292391177j),0.0005
0.0488,(0.9698679287664913-0.24206727541813738j),0.0005
0.0489,(0.9697457244563221-0.2425531663539665j),0.0005
0.049,(0.9696232767204283-0.24303899560943215j),0.0005
0.049100000000000005,(0.9695005855899496-0.24352476306258206j),0.0005
0.0492,(0.969377651096078-0.24401046859147912j),0.0005
0.049300000000000004,(0.9692544732700722-0.2444961120742038j),0.0005
0.0494,(0.969131052143254-0.24498169338884945j),0.0005
0.0495,(0.9690073877469975-0.24546721241352792j),0.0005
0.049600000000000005,(0.9688834801127438-0.2459526690263662j),0.0005
0.0497,(0.9687593292720015-0.24643806310550595j),0.0005
0.049800000000000004,(0.9686349352563226-0.24692339452910714j),0.0005
0.0499,(0.9685102980973442-0.2474086631753436j),0.0005
0.05,(0.9683854178267378-0.24789386892240395j),0.0005
0.050100000000000006,(0.968260294476253-0.2483790116484967j),0.0005
0.0502,(0.9681349280777007-0.24886409123184133j),0.0005
0.050300000000000004,(0.9680093186629475-0.24934910755068018j),0.0005
0.0504,(0.967883466263917-0.24983406048326584j),0.0005
0.0505,(0.967757370912605-0.25031894990786796j),0.0005
0.0506,(0.9676310326410564-0.25080377570277546j),0.0005
0.0507,(0.9675044514813889-0.25128853774628934j),0.0005
0.050800000000000005,(0.9673776274657722-0.25177323591672823j),0.0005
0.0509,(0.9672505606264415-0.252257870092429j),0.0005
0.051000000000000004,(0.9671232509956866-0.2527424401517432j),0.0005
0.0511,(0.9669956986058714-0.25322694597303824j),0.0005
0.0512,(0.9668679034894013-0.25371138743469845j),0.0005
0.051300000000000005,(0.9667398656787648-0.2541957644151237j),0.0005
0.0514,(0.9666115852064954-0.2546800767927334j),0.0005
0.051500000000000004,(0.9664830621051905-0.25516432444595705j),0.0005
0.0516,(0.9663542964075131-0.25564850725324745j),0.0005
0.0517,(0.966225288146179-0.25613262509306906j),0.0005
0.051800000000000006,(0.9660960373539789-0.256616677843907j),0.0005
0.0519,(0.9659665440637512-0.2571006653842581j),0.0005
0.052000000000000005,(0.9658368083083955-0.25758458759264063j),0.0005
0.0521,(0.9657068301208811-0.2580684443475857j),0.0005
0.0522,(0.9655766095342304-0.258552235527642j),0.0005
0.0523,(0.9654461465815334-0.25903596101137694j),0.0005
0.0524,(0.9653154412959357-0.2595196206773706j),0.0005
0.052500000000000005,(0.9651844937106411-0.26000321440422414j),0.0005
0.0526,(0.9650533038589283-0.2604867420705532j),0.0005
0.052700000000000004,(0.9649218717741168-0.260970203554991j),0.0005
0.0528,(0.9647901974895982-0.2614535987361859j),0.0005
0.0529,(0.9646582810388246-0.26193692749280484j),0.0005
0.053000000000000005,(0.9645261224553136-0.26242018970353026j),0.0005
0.0531,(0.9643937217726316-0.26290338524706386j),0.0005
0.053200000000000004,(0.9642610790244096-0.2633865140021234j),0.0005
0.0533,(0.9641281942443499-0.2638695758474402j),0.0005
0.0534,(0.9639950674661998-0.2643525706617672j),0.0005
0.053500000000000006,(0.9638616987237828-0.2648354983238734j),0.0005
0.0536,(0.9637280880509658-0.2653183587125403j),0.0005
0.053700000000000005,(0.9635942354816937-0.26580115170657365j),0.0005
0.0538,(0.9634601410499636-0.2662838771847914j),0.0005
0.0539,(0.9633258047898282-0.26676653502603154j),0.0005
0.054,(0.9631912267354109-0.26724912510914484j),0.0005
0.0541,(0.9630564069208938-0.2677316473130045j),0.0005
0.054200000000000005,(0.962921345380514-0.26821410151649894j),0.0005
0.0543,(0.9627860421485697-0.2686964875985315j),0.0005
0.054400000000000004,(0.9626504972594312-0.26917880543802664j),0.0005
0.0545,(0.9625147107475145-0.26966105491392367j),0.0005
0.0546,(0.9623786826473052-0.27014323590518047j),0.0005
0.054700000000000006,(0.9622424129933473-0.2706253482907703j),0.0005
0.0548,(0.9621059018202425-0.2711073919496881j),0.0005
0.054900000000000004,(0.9619691491626612-0.27158936676094064j),0.0005
0.055,(0.9618321550553277-0.2720712726035566j),0.0005
0.0551,(0.9616949195330288-0.27255310935658233j),0.0005
0.055200000000000006,(0.9615574426306016-0.27303487689907596j),0.0005
0.0553,(0.9614197243829645-0.2735165751101205j),0.0005
0.055400000000000005,(0.9612817648250847-0.2739982038688117j),0.0005
0.0555,(0.9611435639919891-0.2744797630542648j),0.0005
0.055600000000000004,(0.9610051219187642-0.2749612525456123j),0.0005
0.0557,(0.9608664386405604-0.275442672222007j),0.0005
0.0558,(0.9607275141925974-0.275924021962613j),0.0005
0.055900000000000005,(0.9605883486101311-0.27640530164662036j),0.0005
0.056,(0.9604489419285064-0.276886511153228j),0.0005
0.056100000000000004,(0.9603092941831041-0.2773676503616602j),0.0005
0.0562,(0.9601694054093797-0.2778487191511564j),0.0005
0.0563,(0.9600292756428525-0.2783297174009739j),0.0005
0.056400000000000006,(0.959888904919087-0.2788106449903858j),0.0005
0.0565,(0.9597482932737207-0.27929150179868695j),0.0005
0.056600000000000004,(0.9596074407424546-0.27977228770518753j),0.0005
0.0567,(0.9594663473610328-0.28025300258921754j),0.0005
0.0568,(0.9593250131652726-0.28073364633012216j),0.0005
0.056900000000000006,(0.9591834381910547-0.28121421880726843j),0.0005
0.057,(0.9590416224743126-0.28169471990003747j),0.0005
0.057100000000000005,(0.9588995660510413-0.2821751494878321j),0.0005
0.0572,(0.9587572689573025-0.2826555074500715j),0.0005
0.057300000000000004,(0.9586147312292037-0.283135793666193j),0.0005
0.0574,(0.9584719529029336-0.2836160080156513j),0.0005
0.0575,(0.9583289340147252-0.28409615037792313j),0.0005
0.057600000000000005,(0.9581856746008751-0.28457622063249677j),0.0005
0.0577,(0.958042174697745-0.28505621865888614j),0.0005
0.057800000000000004,(0.9578984343417536-0.2855361443366199j),0.0005
0.0579,(0.9577544535693792-0.28601599754524426j),0.0005
0.058,(0.9576102324171669-0.28649577816432636j),0.0005
0.058100000000000006,(0.9574657709217117-0.28697548607344825j),0.0005
0.0582,(0.9573210691196739-0.2874551211522131j),0.0005
0.058300000000000005,(0.9571761270477773-0.2879346832802421j),0.0005
0.0584,(0.9570309447427965-0.2884141723371766j),0.0005
0.0585,(0.9568855222415834-0.2888935882026718j),0.0005
0.058600000000000006,(0.9567398595810354-0.28937293075640624j),0.0005
0.0587,(0.9565939567981044-0.2898521998780749j),0.0005
0.058800000000000005,(0.9564478139298302-0.2903313954473905j),0.0005
0.0589,(0.9563014310132835-0.29081051734408825j),0.0005
0.059000000000000004,(0.9561548080856124-0.2912895654479159j),0.0005
0.0591,(0.9560079451840168-0.2917685396386453j),0.0005
0.0592,(0.9558608423457596-0.2922474397960656j),0.0005
0.059300000000000005,(0.9557134996081702-0.2927262657999843j),0.0005
0.0594,(0.9555659170086204-0.2932050175302259j),0.0005
0.059500000000000004,(0.9554180945845647-0.29368369486663753j),0.0005
0.0596,(0.9552700323735054-0.2941622976890821j),0.0005
0.0597,(0.9551217304130033-0.29464082587744317j),0.0005
0.059800000000000006,(0.9549731887406828-0.29511927931162313j),0.0005
0.0599,(0.9548244073942379-0.2955976578715418j),0.0005
0.060000000000000005,(0.9546753864113999-0.2960759614371398j),0.0005
0.0601,(0.9545261258299772-0.2965541898883746j),0.0005
0.060200000000000004,(0.9543766256878408-0.29703234310522514j),0.0005
0.0603,(0.95422688602291-0.29751042096768826j),0.0005
0.0604,(0.9540769068731744-0.29798842335578213j),0.0005
0.060500000000000005,(0.9539266882766742-0.298466350149539j),0.0005
0.0606,(0.9537762302715217-0.29894420122901355j),0.0005
0.060700000000000004,(0.9536255328958747-0.2994219764742801j),0.0005
0.0608,(0.9534745961879658-0.299899675765433j),0.0005
0.0609,(0.9533234201860732-0.300377298982582j),0.0005
0.061000000000000006,(0.9531720049285487-0.30085484600585966j),0.0005
0.0611,(0.9530203504537991-0.30133231671541766j),0.0005
0.061200000000000004,(0.9528684568002839-0.3018097109914238j),0.0005
0.0613,(0.9527163240065347-0.30228702871406943j),0.0005
0.0614,(0.9525639521111272-0.3027642697635619j),0.0005
0.061500000000000006,(0.9524113411527226-0.3032414340201326j),0.0005
0.0616,(0.9522584911700178-0.30371852136402594j),0.0005
0.061700000000000005,(0.9521054022017795-0.30419553167551244j),0.0005
0.0618,(0.9519520742868322-0.30467246483487576j),0.0005
0.061900000000000004,(0.951798507464061-0.30514932072242257j),0.0005
0.062,(0.9516447017724211-0.30562609921848227j),0.0005
0.0621,(0.9514906572509058-0.3061028002033982j),0.0005
0.062200000000000005,(0.9513363739385834-0.3065794235575344j),0.0005
0.0623,(0.9511818518745894-0.30705596916127864j),0.0005
0.062400000000000004,(0.9510270910980944-0.3075324368950338j),0.0005
0.0625,(0.9508720916483498-0.30800882663922635j),0.0005
0.0626,(0.9507168535646684-0.3084851382742983j),0.0005
0.0627,(0.9505613768864087-0.30896137168071414j),0.0005
0.06280000000000001,(0.9504056616529921-0.30943752673895786j),0.0005
0.0629,(0.9502497079039078-0.30991360332953466j),0.0005
0.063,(0.9500935156787038-0.31038960133296595j),0.0005
0.0631,(0.9499370850169766-0.3108655206297959j),0.0005
0.0632,(0.9497804159583962-0.3113413611005902j),0.0005
0.06330000000000001,(0.9496235085426822-0.31181712262593014j),0.0005
0.0634,(0.9494663628096311-0.3122928050864204j),0.0005
0.0635,(0.9493089787990729-0.3127684083626837j),0.0005
0.0636,(0.9491513565509149-0.3132439323353627j),0.0005
0.0637,(0.9489934961051248-0.31371937688512264j),0.0005
0.06380000000000001,(0.9488353975017221-0.31419474189264796j),0.0005
0.0639,(0.948677060780789-0.314670027238641j),0.0005
0.064,(0.948518485982469-0.3151452328038292j),0.0005
0.0641,(0.9483596731469693-0.31562035846895375j),0.0005
0.06420000000000001,(0.9482006223145459-0.31609540411478j),0.0005
0.06430000000000001,(0.9480413335255217-0.31657036962209345j),0.0005
0.0644,(0.9478818068202813-0.3170452548716999j),0.0005
0.0645,(0.9477220422392657-0.3175200597444245j),0.0005
0.0646,(0.9475620398229736-0.31799478412111337j),0.0005
0.06470000000000001,(0.9474017996119687-0.31846942788263344j),0.0005
0.0648,(0.9472413216468665-0.3189439909098714j),0.0005
0.0649,(0.9470806059683544-0.31941847308373433j),0.0005
0.065,(0.9469196526171676-0.31989287428514973j),0.0005
0.0651,(0.9467584616341062-0.3203671943950655j),0.0005
0.06520000000000001,(0.946597033060028-0.3208414332944532j),0.0005
0.0653,(0.9464353669358517-0.32131559086430045j),0.0005
0.0654,(0.946273463302559-0.3217896669856153j),0.0005
0.0655,(0.9461113222011842-0.3222636615394336j),0.0005
0.0656,(0.945948943672825-0.322737574406803j),0.0005
0.06570000000000001,(0.9457863277586454-0.32321140546879723j),0.0005
0.0658,(0.9456234744998534-0.32368515460650854j),0.0005
0.0659,(0.9454603839377278-0.3241588217010494j),0.0005
0.066,(0.9452970561135997-0.3246324066335567j),0.0005
0.0661,(0.9451334910688735-0.32510590928518507j),0.0005
0.06620000000000001,(0.9449696888450042-0.3255793295371092j),0.0005
0.0663,(0.9448056494834951-0.3260526672705273j),0.0005
0.0664,(0.9446413730259301-0.32652592236665734j),0.0005
0.0665,(0.9444768595139383-0.3269990947067372j),0.0005
0.0666,(0.9443121089892086-0.3274721841720284j),0.0005
0.06670000000000001,(0.9441471214935044-0.32794519064381134j),0.0005
0.0668,(0.9439818970686273-0.3284181140033858j),0.0005
0.0669,(0.9438164357564539-0.3288909541320767j),0.0005
0.067,(0.9436507375989133-0.32936371091122796j),0.0005
0.0671,(0.9434848026379942-0.32983638422220274j),0.0005
0.06720000000000001,(0.9433186309157474-0.3303089739463922j),0.0005
0.0673,(0.943152222474284-0.33078147996519847j),0.0005
0.0674,(0.9429855773557698-0.3312539021600532j),0.0005
0.0675,(0.9428186956024329-0.3317262404124046j),0.0005
0.06760000000000001,(0.9426515772565595-0.33219849460372364j),0.0005
0.06770000000000001,(0.9424842223604947-0.33267066461550693j),0.0005
0.0678,(0.9423166309566512-0.3331427503292631j),0.0005
0.0679,(0.9421488030874883-0.33361475162653087j),0.0005
0.068,(0.9419807387955313-0.3340866683888653j),0.0005
0.06810000000000001,(0.9418124381233672-0.33455850049784397j),0.0005
0.0682,(0.9416439011136309-0.33503024783506685j),0.0005
0.0683,(0.941475127809035-0.3355019102821547j),0.0005
0.0684,(0.9413061182523331-0.33597348772075053j),0.0005
0.0685,(0.9411368724863555-0.3364449800325183j),0.0005
0.06860000000000001,(0.9409673905539745-0.33691638709914334j),0.0005
0.0687,(0.9407976724981302-0.3373877088023315j),0.0005
0.0688,(0.9406277183618249-0.3378589450238145j),0.0005
0.0689,(0.9404575281881182-0.33833009564534033j),0.0005
0.069,(0.9402871020201222-0.33880116054868015j),0.0005
0.06910000000000001,(0.9401164399010151-0.33927213961562924j),0.0005
0.0692,(0.9399455418740347-0.339743032728004j),0.0005
0.0693,(0.9397744079824718-0.3402138397676432j),0.0005
0.0694,(0.9396030382696878-0.34068456061639973j),0.0005
0.0695,(0.9394314327790881-0.3411551951561623j),0.0005
0.06960000000000001,(0.9392595915541503-0.341625743268827j),0.0005
0.0697,(0.9390875146384015-0.3420962048363247j),0.0005
0.0698,(0.9389152020754395-0.3425665797405957j),0.0005
0.0699,(0.9387426539089074-0.34303686786361437j),0.0005
0.07,(0.9385698701825157-0.343507069087367j),0.0005
0.07010000000000001,(0.9383968509400346-0.34397718329386856j),0.0005
0.0702,(0.9382235962252892-0.3444472103651532j),0.0005
0.0703,(0.9380501060821688-0.3449171501832769j),0.0005
0.0704,(0.9378763805546154-0.3453870026303195j),0.0005
0.07050000000000001,(0.9377024196866359-0.34585676758838224j),0.0005
0.07060000000000001,(0.9375282235222889-0.34632644493958775j),0.0005
0.0707,(0.9373537921057066-0.346796034566079j),0.0005
0.0708,(0.9371791254810623-0.347265536350026j),0.0005
0.0709,(0.9370042236925951-0.3477349501736192j),0.0005
0.07100000000000001,(0.936829086784612-0.34820427591907027j),0.0005
0.0711,(0.9366537148014648-0.3486735134686115j),0.0005
0.0712,(0.9364781077875807-0.3491426627045007j),0.0005
0.0713,(0.9363022657874271-0.3496117235090173j),0.0005
0.0714,(0.9361261888455402-0.3500806957644618j),0.0005
0.07150000000000001,(0.9359498770065197-0.3505495793531602j),0.0005
0.0716,(0.9357733303150151-0.35101837415745746j),0.0005
0.0717,(0.9355965488157363-0.35148708005972157j),0.0005
0.0718,(0.9354195325534621-0.35195569694234385j),0.0005
0.0719,(0.9352422815730196-0.3524242246877401j),0.0005
0.07200000000000001,(0.9350647959192884-0.352892663178345j),0.0005
0.0721,(0.9348870756372322-0.3533610122966198j),0.0005
0.0722,(0.934709120771845-0.3538292719250433j),0.0005
0.0723,(0.9345309313682028-0.3542974419461227j),0.0005
0.0724,(0.9343525074714213-0.3547655222423799j),0.0005
0.07250000000000001,(0.934173849126691-0.35523351269637077j),0.0005
0.0726,(0.9339949563792491-0.3557014131906664j),0.0005
0.0727,(0.9338158292743957-0.3561692236078592j),0.0005
0.0728,(0.9336364678574953-0.35663694383056754j),0.0005
0.0729,(0.9334568721739662-0.3571045737414356j),0.0005
0.07300000000000001,(0.9332770422692815-0.35757211322312493j),0.0005
0.0731,(0.9330969781889827-0.35803956215832256j),0.0005
0.0732,(0.9329166799786589-0.35850692042973914j),0.0005
0.0733,(0.9327361476839653-0.3589741879201062j),0.0005
0.0734,(0.9325553813506174-0.3594413645121781j),0.0005
0.07350000000000001,(0.9323743810243821-0.3599084500887372j),0.0005
0.0736,(0.9321931467510938-0.3603754445325804j),0.0005
0.0737,(0.9320116785766405-0.360842347726535j),0.0005
0.0738,(0.9318299765469663-0.3613091595534472j),0.0005
0.07390000000000001,(0.9316480407080766-0.36177587989619137j),0.0005
0.07400000000000001,(0.9314658711060484-0.3622425086376617j),0.0005
0.0741,(0.9312834677869795-0.3627090456607704j),0.0005
0.0742,(0.9311008307970754-0.36317549084846107j),0.0005
0.0743,(0.9309179601825651-0.3636418440836954j),0.0005
0.07440000000000001,(0.9307348559897491-0.36410810524946474j),0.0005
0.0745,(0.9305515182649883-0.3645742742287761j),0.0005
0.0746,(0.9303679470546994-0.3650403509046636j),0.0005
0.0747,(0.9301841424053534-0.3655063351601851j),0.0005
0.0748,(0.9300001043634853-0.36597222687842124j),0.0005
0.07490000000000001,(0.9298158329756879-0.3664380259424737j),0.0005
0.075,(0.9296313282886106-0.366903732235473j),0.0005
0.0751,(0.9294465903489634-0.36736934564056856j),0.0005
0.0752,(0.929261619203513-0.3678348660409344j),0.0005
0.0753,(0.9290764148990852-0.36830029331976627j),0.0005
0.07540000000000001,(0.928890977482567-0.36876562736029017j),0.0005
0.0755,(0.9287053070008996-0.36923086804574834j),0.0005
0.0756,(0.9285194035010864-0.3696960152594088j),0.0005
0.0757,(0.9283332670301838-0.37016106888456696j),0.0005
0.0758,(0.9281468976353169-0.37062602880453654j),0.0005
0.07590000000000001,(0.9279602953636554-0.3710908949026566j),0.0005
0.076,(0.9277734602624378-0.3715556670622935j),0.0005
0.0761,(0.9275863923789562-0.3720203451668331j),0.0005
0.0762,(0.9273990917605668-0.37248492909968506j),0.0005
0.0763,(0.9272115584546782-0.37294941874428417j),0.0005
0.07640000000000001,(0.9270237925087577-0.37341381398409074j),0.0005
0.0765,(0.9268357939703343-0.37387811470258864j),0.0005
0.0766,(0.9266475628869936-0.3743423207832835j),0.0005
0.0767,(0.9264590993063824-0.37480643210970427j),0.0005
0.07680000000000001,(0.9262704032761988-0.3752704485654088j),0.0005
0.07690000000000001,(0.9260814748442042-0.3757343700339715j),0.0005
0.077,(0.9258923140582158-0.3761981963989978j),0.0005
0.0771,(0.9257029209661195-0.3766619275441119j),0.0005
0.0772,(0.9255132956158406-0.377125563352968j),0.0005
0.07730000000000001,(0.9253234380553778-0.3775891037092377j),0.0005
0.07740000000000001,(0.9251333483327829-0.3780525484966241j),0.0005
0.0775,(0.9249430264961702-0.3785158975988466j),0.0005
0.0776,(0.9247524725937003-0.37897915089965395j),0.0005
0.0777,(0.9245616866736008-0.37944230828281855j),0.0005
0.07780000000000001,(0.9243706687841678-0.3799053696321358j),0.0005
0.0779,(0.9241794189737316-0.38036833483142535j),0.0005
0.078,(0.9239879372907014-0.3808312037645316j),0.0005
0.0781,(0.9237962237835329-0.3812939763153251j),0.0005
0.0782,(0.9236042785007442-0.3817566523676993j),0.0005
0.07830000000000001,(0.923412101490913-0.38221923180557105j),0.0005
0.0784,(0.9232196928026735-0.3826817145128813j),0.0005
0.0785,(0.9230270524847181-0.38314410037360097j),0.0005
0.0786,(0.9228341805857962-0.3836063892717157j),0.0005
0.0787,(0.9226410771547131-0.38406858109124525j),0.0005
0.07880000000000001,(0.9224477422403387-0.3845306757162286j),0.0005
0.0789,(0.9222541758916035-0.3849926730307309j),0.0005
0.079,(0.9220603781574734-0.38545457291884083j),0.0005
0.0791,(0.9218663490870088-0.3859163752646738j),0.0005
0.0792,(0.9216720887292977-0.3863780799523705j),0.0005
0.07930000000000001,(0.921477597133491-0.3868396868660887j),0.0005
0.0794,(0.9212828743488178-0.38730119589002443j),0.0005
0.0795,(0.9210879204245431-0.3877626069083839j),0.0005
0.0796,(0.9208927354099973-0.38822391980540827j),0.0005
0.07970000000000001,(0.92069731935457-0.3886851344653588j),0.0005
0.07980000000000001,(0.9205016723077116-0.38914625077252696j),0.0005
0.0799,(0.9203057943189189-0.3896072686112211j),0.0005
0.08,(0.9201096854377658-0.39006818786577907j),0.0005
0.0801,(0.9199133457138587-0.3905290084205644j),0.0005
0.08020000000000001,(0.9197167751968834-0.390989730159965j),0.0005
0.08030000000000001,(0.9195199739365822-0.39145035296839137j),0.0005
0.0804,(0.919322941982739-0.39191087673028147j),0.0005
0.0805,(0.9191256793852135-0.3923713013300986j),0.0005
0.0806,(0.9189281861939088-0.3928316266523287j),0.0005
0.08070000000000001,(0.9187304624587977-0.3932918525814864j),0.0005
0.08080000000000001,(0.9185325082299078-0.3937519790021087j),0.0005
0.0809,(0.9183343235573174-0.39421200579875754j),0.0005
0.081,(0.9181359084911709-0.3946719328560209j),0.0005
0.0811,(0.9179372630816685-0.39513176005851314j),0.0005
0.08120000000000001,(0.9177383873790583-0.3955914872908725j),0.0005
0.0813,(0.9175392814336631-0.39605111443776453j),0.0005
0.0814,(0.917339945295859-0.39651064138387526j),0.0005
0.0815,(0.9171403790160684-0.3969700680139218j),0.0005
0.0816,(0.9169405826447814-0.3974293942126432j),0.0005
0.08170000000000001,(0.9167405562325418-0.397888619864805j),0.0005
0.0818,(0.9165402998299594-0.39834774485519914j),0.0005
0.0819,(0.9163398134876922-0.3988067690686377j),0.0005
0.082,(0.9161390972564538-0.39926569238996873j),0.0005
0.0821,(0.9159381511870256-0.399724514704055j),0.0005
0.08220000000000001,(0.9157369753302448-0.4001832358957895j),0.0005
0.0823,(0.915535569736992-0.4006418558500932j),0.0005
0.0824,(0.915333934458231-0.4011003744519083j),0.0005
0.0825,(0.9151320695449582-0.40155879158620533j),0.0005
0.0826,(0.9149299750482396-0.4020171071379792j),0.0005
0.08270000000000001,(0.9147276510192038-0.40247532099224925j),0.0005
0.0828,(0.9145250975090254-0.4029334330340646j),0.0005
0.0829,(0.9143223145689381-0.4033914431484982j),0.0005
0.083,(0.9141193022502465-0.40384935122064597j),0.0005
0.08310000000000001,(0.9139160606042949-0.4043071571356348j),0.0005
0.08320000000000001,(0.913712589682499-0.40476486077861185j),0.0005
0.0833,(0.9135088895363216-0.40522246203475315j),0.0005
0.0834,(0.9133049602172882-0.4056799607892643j),0.0005
0.0835,(0.9131008017769813-0.4061373569273673j),0.0005
0.08360000000000001,(0.912896414267046-0.40659465033431974j),0.0005
0.08370000000000001,(0.9126917977391724-0.40705184089539936j),0.0005
0.0838,(0.9124869522451176-0.4075089284959125j),0.0005
0.0839,(0.9122818778366992-0.40796591302119206j),0.0005
0.084,(0.9120765745657832-0.4084227943565933j),0.0005
0.08410000000000001,(0.9118710424842907-0.40887957238749945j),0.0005
0.08420000000000001,(0.9116652816442212-0.40933624699932536j),0.0005
0.0843,(0.9114592920976027-0.4097928180775022j),0.0005
0.0844,(0.9112530738965381-0.41024928550749246j),0.0005
0.0845,(0.9110466270931874-0.41070564917478847j),0.0005
0.08460000000000001,(0.9108399517397608-0.41116190896490035j),0.0005
0.0847,(0.9106330478885335-0.4116180647633715j),0.0005
0.0848,(0.9104259155918323-0.41207411645576997j),0.0005
0.0849,(0.9102185549020392-0.41253006392768915j),0.0005
0.085,(0.9100109658716055-0.41298590706474575j),0.0005
0.08510000000000001,(0.9098031485530269-0.4134416457525916j),0.0005
0.0852,(0.9095951029988629-0.41389727987689545j),0.0005
0.0853,(0.9093868292617252-0.4143528093233573j),0.0005
0.0854,(0.9091783273942874-0.4148082339777021j),0.0005
0.0855,(0.9089695974492864-0.41526355372568435j),0.0005
0.08560000000000001,(0.9087606394794975-0.41571876845308137j),0.0005
0.0857,(0.9085514535377736-0.4161738780456982j),0.0005
0.0858,(0.9083420396770102-0.4166288823893685j),0.0005
0.0859,(0.908132397950168-0.4170837813699489j),0.0005
0.08600000000000001,(0.9079225284102634-0.41753857487332496j),0.0005
0.08610000000000001,(0.9077124311103644-0.4179932627854079j),0.0005
0.0862,(0.9075021061036114-0.41844784499213794j),0.0005
0.0863,(0.9072915534431818-0.4189023213794785j),0.0005
0.0864,(0.9070807731823177-0.41935669183342134j),0.0005
0.08650000000000001,(0.9068697653743335-0.41981095623998893j),0.0005
0.08660000000000001,(0.9066585300725692-0.420265114485223j),0.0005
0.0867,(0.9064470673304581-0.4207191664551991j),0.0005
0.0868,(0.9062353772014573-0.4211731120360114j),0.0005
0.0869,(0.906023459739107-0.42162695111379067j),0.0005
0.08700000000000001,(0.9058113149969858-0.4220806835746892j),0.0005
0.08710000000000001,(0.9055989430287427-0.42253430930488844j),0.0005
0.0872,(0.9053863438880753-0.4229878281905908j),0.0005
0.0873,(0.9051735176287427-0.4234412401180348j),0.0005
0.0874,(0.9049604643045566-0.4238945449734801j),0.0005
0.08750000000000001,(0.9047471839693926-0.42434774264321545j),0.0005
0.0876,(0.9045336766771773-0.4248008330135549j),0.0005
0.0877,(0.90431994248189-0.425253815970843j),0.0005
0.0878,(0.9041059814375794-0.4257066914014463j),0.0005
0.0879,(0.9038917935983475-0.4261594591917656j),0.0005
0.08800000000000001,(0.9036773790183416-0.4266121192282225j),0.0005
0.0881,(0.9034627377517792-0.42706467139726834j),0.0005
0.0882,(0.9032478698529317-0.42751711558538075j),0.0005
0.0883,(0.9030327753761239-0.42796945167906686j),0.0005
0.0884,(0.9028174543757356-0.42842167956486077j),0.0005
0.08850000000000001,(0.9026019069062107-0.42887379912932333j),0.0005
0.0886,(0.902386133022044-0.4293258102590382j),0.0005
0.0887,(0.9021701327777928-0.4297777128406252j),0.0005
0.0888,(0.901953906228066-0.43022950676072547j),0.0005
0.0889,(0.9017374534275284-0.4306811919060077j),0.0005
0.08900000000000001,(0.9015207744309083-0.43113276816317264j),0.0005
0.0891,(0.9013038692929818-0.4315842354189433j),0.0005
0.0892,(0.9010867380685895-0.4320355935600746j),0.0005
0.0893,(0.9008693808126259-0.4324868424733452j),0.0005
0.08940000000000001,(0.9006517975800388-0.432937982045565j),0.0005
0.08950000000000001,(0.900433988425847-0.4333890121635662j),0.0005
0.0896,(0.9002159534050943-0.43383993271421517j),0.0005
0.0897,(0.8999976925729155-0.43429074358440073j),0.0005
0.0898,(0.8997792059844917-0.4347414446610449j),0.0005
0.08990000000000001,(0.8995604936950482-0.43519203583109195j),0.0005
0.09000000000000001,(0.899341555759878-0.4356425169815169j),0.0005
0.0901,(0.8991223922343299-0.43609288799932067j),0.0005
0.0902,(0.8989030031738083-0.4365431487715345j),0.0005
0.0903,(0.8986833886337754-0.4369932991852158j),0.0005
0.09040000000000001,(0.8984635486697393-0.43744333912745065j),0.0005
0.09050000000000001,(0.8982434833372882-0.4378932684853492j),0.0005
0.0906,(0.8980231926920388-0.4383430871460616j),0.0005
0.0907,(0.8978026767896878-0.43879279499674867j),0.0005
0.0908,(0.8975819356859706-0.4392423919246123j),0.0005
0.09090000000000001,(0.8973609694366944-0.43969187781687685j),0.0005
0.091,(0.8971397780977107-0.44014125256079667j),0.0005
0.0911,(0.8969183617249338-0.44059051604365274j),0.0005
0.0912,(0.8966967203743291-0.4410396681527558j),0.0005
0.0913,(0.8964748541019285-0.4414887087754447j),0.0005
0.09140000000000001,(0.8962527629638052-0.44193763779908446j),0.0005
0.0915,(0.8960304470161099-0.44238645511106883j),0.0005
0.0916,(0.895807906315023-0.44283516059882233j),0.0005
0.0917,(0.8955851409168134-0.4432837541497942j),0.0005
0.0918,(0.8953621508777666-0.4437322356514656j),0.0005
0.09190000000000001,(0.8951389362542601-0.44418060499134154j),0.0005
0.092,(0.8949154971027194-0.444628862056962j),0.0005
0.0921,(0.8946918334796075-0.44507700673588735j),0.0005
0.0922,(0.8944679454414675-0.4455250389157116j),0.0005
0.09230000000000001,(0.8942438330448832-0.4459729584840567j),0.0005
0.09240000000000001,(0.8940194963464972-0.4464207653285701j),0.0005
0.0925,(0.8937949354030188-0.4468684593369324j),0.0005
0.0926,(0.8935701502712031-0.4473160403968507j),0.0005
0.0927,(0.8933451410078617-0.4477635083960567j),0.0005
0.09280000000000001,(0.8931199076698649-0.4482108632223184j),0.0005
0.09290000000000001,(0.8928944503141405-0.44865810476342366j),0.0005
0.093,(0.8926687689976742-0.4491052329071967j),0.0005
0.0931,(0.8924428637774988-0.4495522475414862j),0.0005
0.0932,(0.8922167347107149-0.44999914855417084j),0.0005
0.09330000000000001,(0.8919903818544701-0.45044593583315556j),0.0005
0.09340000000000001,(0.8917638052659735-0.45089260926638003j),0.0005
0.0935,(0.8915370050024847-0.4513391687418061j),0.0005
0.0936,(0.8913099811213318-0.45178561414742635j),0.0005
0.0937,(0.8910827336798819-0.45223194537126693j),0.0005
0.09380000000000001,(0.8908552627355724-0.4526781623013754j),0.0005
0.09390000000000001,(0.890627568345886-0.45312426482583223j),0.0005
0.094,(0.8903996505683698-0.45357025283274666j),0.0005
0.0941,(0.8901715094606243-0.4540161262102561j),0.0005
0.0942,(0.8899431450803017-0.45446188484652594j),0.0005
0.09430000000000001,(0.8897145574851191-0.4549075286297574j),0.0005
0.0944,(0.8894857467328383-0.45535305744816995j),0.0005
0.0945,(0.8892567128812864-0.4557984711900193j),0.0005
0.0946,(0.8890274559883463-0.45624376974358594j),0.0005
0.0947,(0.8887979761119494-0.4566889529971865j),0.0005
0.09480000000000001,(0.8885682733100809-0.45713402083915833j),0.0005
0.0949,(0.8883383476408055-0.4575789731578733j),0.0005
0.095,(0.8881081991622117-0.45802380984172997j),0.0005
0.0951,(0.8878778279324628-0.45846853077915806j),0.0005
0.0952,(0.8876472340097783-0.4589131358586154j),0.0005
0.09530000000000001,(0.8874164174524244-0.45935762496858984j),0.0005
0.0954,(0.8871853783187315-0.4598019979975966j),0.0005
0.0955,(0.8869541166670774-0.4602462548341825j),0.0005
0.0956,(0.886722632555904-0.46069039536692236j),0.0005
0.09570000000000001,(0.8864909260437066-0.46113441948442047j),0.0005
0.09580000000000001,(0.8862589971890306-0.4615783270753098j),0.0005
0.0959,(0.8860268460504883-0.4620221180282584j),0.0005
0.096,(0.885794472686736-0.46246579223195405j),0.0005
0.0961,(0.8855618771564975-0.46290934957512275j),0.0005
0.09620000000000001,(0.8853290595185385-0.4633527899465144j),0.0005
0.09630000000000001,(0.88509601983169-0.4637961132349115j),0.0005
0.0964,(0.8848627581548376-0.4642393193291238j),0.0005
0.0965,(0.8846292745469228-0.464682408117995j),0.0005
0.0966,(0.8843955690669398-0.4651253794903942j),0.0005
0.09670000000000001,(0.8841616417739415-0.46556823333521985j),0.0005
0.09680000000000001,(0.8839274927270283-0.46601096954140353j),0.0005
0.0969,(0.8836931219853705-0.4664535879979034j),0.0005
0.097,(0.8834585296081863-0.4668960885937112j),0.0005
0.0971,(0.883223715654746-0.467338471217842j),0.0005
0.09720000000000001,(0.8829886801843762-0.4677807357593468j),0.0005
0.09730000000000001,(0.8827534232564705-0.4682228821073038j),0.0005
0.0974,(0.882517944930462-0.46866491015082495j),0.0005
0.0975,(0.8822822452658526-0.4691068197790412j),0.0005
0.0976,(0.8820463243221887-0.46954861088112876j),0.0005
0.09770000000000001,(0.8818101821590807-0.4699902833462811j),0.0005
0.0978,(0.881573818836189-0.47043183706372815j),0.0005
0.0979,(0.881337234413234-0.47087327192272854j),0.0005
0.098,(0.8811004289499887-0.47131458781256946j),0.0005
0.0981,(0.8808634025062815-0.471755784622569j),0.0005
0.09820000000000001,(0.8806261551419933-0.4721968622420771j),0.0005
0.0983,(0.8803886869170687-0.4726378205604687j),0.0005
0.0984,(0.8801509978915006-0.47307865946715766j),0.0005
0.0985,(0.8799130881253432-0.4735193788515797j),0.0005
0.09860000000000001,(0.879674957678696-0.47395997860320466j),0.0005
0.09870000000000001,(0.8794366066117224-0.4744004586115329j),0.0005
0.0988,(0.8791980349846455-0.47484081876608963j),0.0005
0.0989,(0.8789592428577273-0.4752810589564393j),0.0005
0.099,(0.8787202302912994-0.47572117907217015j),0.0005
0.09910000000000001,(0.8784809973457464-0.47616117900290234j),0.0005
0.09920000000000001,(0.8782415440815025-0.4766010586382879j),0.0005
0.0993,(0.8780018705590625-0.47704081786800845j),0.0005
0.0994,(0.8777619768389724-0.47748045658177246j),0.0005
0.0995,(0.8775218629818418-0.4779199746693242j),0.0005
0.09960000000000001,(0.8772815290483205-0.4783593720204357j),0.0005
0.09970000000000001,(0.8770409750991287-0.47879864852490983j),0.0005
0.0998,(0.8768002011950355-0.47923780407258026j),0.0005
0.0999,(0.8765592073968603-0.47967683855331383j),0.0005
0.1,(0.8763179937654864-0.48011575185700184j),0.0005
0.10010000000000001,(0.8760765603618453-0.4805545438735681j),0.0005
0.10020000000000001,(0.875834907246931-0.4809932144929715j),0.0005
0.1003,(0.8755930344817856-0.4814317636051984j),0.0005
0.1004,(0.875350942127507-0.4818701911002676j),0.0005
0.1005,(0.8751086302452519-0.4823084968682239j),0.0005
0.10060000000000001,(0.8748660988962315-0.48274668079914557j),0.0005
0.10070000000000001,(0.8746233481417084-0.48318474278314727j),0.0005
0.1008,(0.8743803780430036-0.4836226827103639j),0.0005
0.1009,(0.8741371886614882-0.48406050047096916j),0.0005
0.101,(0.8738937800586037-0.4844981959551653j),0.0005
0.10110000000000001,(0.8736501522958181-0.4849357690531835j),0.0005
0.1012,(0.8734063054346871-0.4853732196552888j),0.0005
0.1013,(0.8731622395367994-0.48581054765177356j),0.0005
0.1014,(0.8729179546638008-0.48624775293296907j),0.0005
0.1015,(0.8726734508774009-0.4866848353892294j),0.0005
0.10160000000000001,(0.8724287282393558-0.48712179491093954j),0.0005
0.1017,(0.8721837868114865-0.48755863138852124j),0.0005
0.1018,(0.8719386266556517-0.48799534471242373j),0.0005
0.1019,(0.8716932478337853-0.4884319347731275j),0.0005
0.10200000000000001,(0.8714476504078625-0.4888684014611456j),0.0005
0.10210000000000001,(0.8712018344399142-0.48930474466702206j),0.0005
0.1022,(0.870955799992037-0.48974096428132774j),0.0005
0.1023,(0.8707095471263658-0.4901770601946729j),0.0005
0.1024,(0.870463075905102-0.4906130322976905j),0.0005
0.10250000000000001,(0.8702163863904998-0.49104888048105066j),0.0005
0.10260000000000001,(0.8699694786448687-0.49148460463545357j),0.0005
0.1027,(0.8697223527305669-0.4919202046516288j),0.0005
0.1028,(0.8694750087100113-0.4923556804203399j),0.0005
0.1029,(0.8692274466456805-0.4927910318323803j),0.0005
0.10300000000000001,(0.868979666600092-0.4932262587785711j),0.0005
0.10310000000000001,(0.8687316686358321-0.493661361149775j),0.0005
0.1032,(0.8684834528155345-0.49409633883687654j),0.0005
0.1033,(0.8682350192018906-0.4945311917307943j),0.0005
0.1034,(0.8679863678576502-0.4949659197224803j),0.0005
0.10350000000000001,(0.867737498845605-0.4954005227029169j),0.0005
0.10360000000000001,(0.867488412228611-0.4958350005631183j),0.0005
0.1037,(0.8672391080695836-0.49626935319412896j),0.0005
0.1038,(0.8669895864314773-0.49670358048702795j),0.0005
0.1039,(0.8667398473773167-0.49713768233292244j),0.0005
0.10400000000000001,(0.8664898909701682-0.4975716586229539j),0.0005
0.1041,(0.8662397172731671-0.4980055092482957j),0.0005
0.1042,(0.8659893263494869-0.4984392341001488j),0.0005
0.1043,(0.8657387182623648-0.4988728330697526j),0.0005
0.1044,(0.8654878930750964-0.4993063060483733j),0.0005
0.10450000000000001,(0.8652368508510218-0.49973965292730693j),0.0005
0.1046,(0.8649855916535408-0.5001728735978911j),0.0005
0.1047,(0.8647341155461082-0.5006059679514838j),0.0005
0.1048,(0.8644824225922283-0.5010389358794809j),0.0005
0.10490000000000001,(0.8642305128554746-0.5014717772733099j),0.0005
0.10500000000000001,(0.8639783863994502-0.501904492024433j),0.0005
0.1051,(0.8637260432878328-0.5023370800243374j),0.0005
0.1052,(0.8634734835843461-0.502769541164542j),0.0005
0.1053,(0.8632207073527697-0.5032018753366111j),0.0005
0.10540000000000001,(0.8629677146569459-0.5036340824321248j),0.0005
0.10550000000000001,(0.862714505560751-0.504066162342704j),0.0005
0.1056,(0.8624610801281343-0.5044981149599994j),0.0005
0.1057,(0.8622074384230868-0.5049299401756986j),0.0005
0.1058,(0.8619535805096696-0.5053616378815112j),0.0005
0.10590000000000001,(0.8616995064519744-0.5057932079691855j),0.0005
0.10600000000000001,(0.8614452163141735-0.5062246503305062j),0.0005
0.1061,(0.8611907101604752-0.5066559648572798j),0.0005
0.1062,(0.8609359880551454-0.5070871514413547j),0.0005
0.1063,(0.8606810500625103-0.5075182099746063j),0.0005
0.10640000000000001,(0.8604258962469495-0.5079491403489435j),0.0005
0.10650000000000001,(0.8601705266728795-0.5083799424563069j),0.0005
0.1066,(0.8599149414047939-0.5088106161886725j),0.0005
0.1067,(0.8596591405072359-0.5092411614380455j),0.0005
0.1068,(0.8594031240447861-0.5096715780964635j),0.0005
0.10690000000000001,(0.8591468920821004-0.5101018660560006j),0.0005
0.10700000000000001,(0.8588904446838747-0.5105320252087577j),0.0005
0.1071,(0.8586337819148661-0.5109620554468709j),0.0005
0.1072,(0.8583769038398812-0.5113919566625108j),0.0005
0.1073,(0.8581198105237867-0.5118217287478801j),0.0005
0.10740000000000001,(0.8578625020314967-0.5122513715952074j),0.0005
0.1075,(0.8576049784279767-0.5126808850967619j),0.0005
0.1076,(0.857347239778257-0.5131102691448455j),0.0005
0.1077,(0.8570892861474166-0.5135395236317858j),0.0005
0.1078,(0.8568311176005866-0.5139686484499507j),0.0005
0.10790000000000001,(0.8565727342029498-0.5143976434917364j),0.0005
0.108,(0.8563141360197517-0.514826508649572j),0.0005
0.1081,(0.8560553231162827-0.5152552438159234j),0.0005
0.1082,(0.8557962955578929-0.515683848883284j),0.0005
0.10830000000000001,(0.8555370534099844-0.5161123237441823j),0.0005
0.10840000000000001,(0.8552775967380006-0.5165406682911787j),0.0005
0.1085,(0.8550179256074699-0.5169688824168699j),0.0005
0.1086,(0.8547580400839432-0.5173969660138833j),0.0005
0.1087,(0.8544979402330455-0.5178249189748781j),0.0005
0.10880000000000001,(0.8542376261204299-0.5182527411925465j),0.0005
0.10890000000000001,(0.8539770978118422-0.5186804325596183j),0.0005
0.109,(0.8537163553730492-0.5191079929688484j),0.0005
0.1091,(0.8534553988698839-0.5195354223130313j),0.0005
0.1092,(0.853194228368231-0.5199627204849926j),0.0005
0.10930000000000001,(0.8529328439340302-0.5203898873775881j),0.0005
0.10940000000000001,(0.8526712456332773-0.5208169228837167j),0.0005
0.1095,(0.8524094335320119-0.5212438268962967j),0.0005
0.1096,(0.8521474076963372-0.5216705993082875j),0.0005
0.1097,(0.8518851681924072-0.5220972400126799j),0.0005
0.10980000000000001,(0.8516227150864268-0.5225237489025012j),0.0005
0.10990000000000001,(0.8513600484446558-0.5229501258708045j),0.0005
0.11,(0.8510971683334134-0.5233763708106883j),0.0005
0.1101,(0.8508340748190637-0.5238024836152676j),0.0005
0.1102,(0.8505707679680314-0.5242284641777095j),0.0005
0.11030000000000001,(0.8503072478467847-0.5246543123911968j),0.0005
0.11040000000000001,(0.8500435145218533-0.5250800281489608j),0.0005
0.1105,(0.8497795680598211-0.5255056113442571j),0.0005
0.1106,(0.8495154085273214-0.5259310618703747j),0.0005
0.1107,(0.8492510359910497-0.5263563796206441j),0.0005
0.11080000000000001,(0.8489864505177332-0.5267815644884178j),0.0005
0.1109,(0.8487216521741784-0.5272066163670951j),0.0005
0.111,(0.8484566410272291-0.5276315351500941j),0.0005
0.1111,(0.8481914171437923-0.5280563207308777j),0.0005
0.11120000000000001,(0.8479259805908196-0.5284809730029378j),0.0005
0.11130000000000001,(0.8476603314353217-0.5289054918598016j),0.0005
0.1114,(0.8473944697443565-0.5293298771950312j),0.0005
0.1115,(0.847128395585041-0.5297541289022178j),0.0005
0.1116,(0.8468621090245447-0.5301782468749893j),0.0005
0.11170000000000001,(0.8465956101300882-0.5306022310070068j),0.0005
0.11180000000000001,(0.8463288989689436-0.5310260811919671j),0.0005
0.1119,(0.8460619756084448-0.5314497973235972j),0.0005
0.112,(0.8457948401159697-0.5318733792956617j),0.0005
0.1121,(0.8455274925589578-0.532296827001956j),0.0005
0.11220000000000001,(0.8452599330048878-0.5327201403363119j),0.0005
0.11230000000000001,(0.8449921615213076-0.5331433191925965j),0.0005
0.1124,(0.8447241781758099-0.5335663634647012j),0.0005
0.1125,(0.8444559830360355-0.5339892730465637j),0.0005
0.1126,(0.8441875761696984-0.5344120478321494j),0.0005
0.11270000000000001,(0.8439189576445375-0.5348346877154586j),0.0005
0.11280000000000001,(0.843650127528368-0.5352571925905242j),0.0005
0.1129,(0.8433810858890456-0.5356795623514181j),0.0005
0.113,(0.8431118327944831-0.5361017968922428j),0.0005
0.1131,(0.8428423683126502-0.5365238961071283j),0.0005
0.11320000000000001,(0.8425726925115624-0.5369458598902564j),0.0005
0.11330000000000001,(0.8423028054592825-0.5373676881358228j),0.0005
0.1134,(0.8420327072239465-0.5377893807380726j),0.0005
0.1135,(0.8417623978737331-0.5382109375912774j),0.0005
0.1136,(0.8414918774768627-0.5386323585897465j),0.0005
0.11370000000000001,(0.8412211461016242-0.5390536436278189j),0.0005
0.11380000000000001,(0.840950203816355-0.5394747925998763j),0.0005
0.1139,(0.8406790506894414-0.5398958054003211j),0.0005
0.114,(0.8404076867893228-0.5403166819236093j),0.0005
0.11410000000000001,(0.8401361121844996-0.5407374220642118j),0.0005
0.11420000000000001,(0.8398643269435208-0.5411580257166471j),0.0005
0.1143,(0.8395923311349758-0.5415784927754629j),0.0005
0.1144,(0.8393201248275277-0.5419988231352427j),0.0005
0.1145,(0.8390477080898774-0.5424190166905987j),0.0005
0.11460000000000001,(0.8387750809907883-0.5428390733361901j),0.0005
0.11470000000000001,(0.8385022435990671-0.5432589929667001j),0.0005
0.1148,(0.8382291959835795-0.5436787754768516j),0.0005
0.1149,(0.8379559382132464-0.5440984207613973j),0.0005
0.115,(0.8376824703570259-0.5445179287151304j),0.0005
0.11510000000000001,(0.8374087924839546-0.5449372992328734j),0.0005
0.11520000000000001,(0.8371349046630976-0.5453565322094882j),0.0005
0.1153,(0.8368608069635839-0.5457756275398689j),0.0005
0.1154,(0.836586499454596-0.546194585118944j),0.0005
0.1155,(0.8363119822053676-0.5466134048416766j),0.0005
0.11560000000000001,(0.8360372552851795-0.5470320866030693j),0.0005
0.11570000000000001,(0.8357623187633744-0.5474506302981501j),0.0005
0.1158,(0.8354871727093346-0.5478690358219908j),0.0005
0.1159,(0.8352118171925115-0.5482873030696942j),0.0005
0.116,(0.8349362522823981-0.5487054319363995j),0.0005
0.11610000000000001,(0.8346604780485416-0.549123422317278j),0.0005
0.11620000000000001,(0.8343844945605404-0.5495412741075384j),0.0005
0.1163,(0.8341083018880542-0.5499589872024226j),0.0005
0.1164,(0.8338319001007775-0.5503765614972089j),0.0005
0.1165,(0.833555289268481-0.5507939968872142j),0.0005
0.11660000000000001,(0.8332784694609657-0.5512112932677841j),0.0005
0.11670000000000001,(0.8330014407480925-0.5516284505342989j),0.0005
0.1168,(0.8327242031997816-0.5520454685821805j),0.0005
0.1169,(0.8324467568860012-0.5524623473068795j),0.0005
0.117,(0.8321691018767656-0.5528790866038888j),0.0005
0.11710000000000001,(0.8318912382421477-0.5532956863687272j),0.0005
0.11720000000000001,(0.8316131660522791-0.5537121464969581j),0.0005
0.1173,(0.8313348853773246-0.5541284668841715j),0.0005
0.1174,(0.8310563962875244-0.5545446474260021j),0.0005
0.11750000000000001,(0.8307776988531524-0.5549606880181098j),0.0005
0.11760000000000001,(0.8304987931445429-0.5553765885561968j),0.0005
0.1177,(0.8302196792320828-0.5557923489359984j),0.0005
0.1178,(0.8299403571862101-0.5562079690532858j),0.0005
0.1179,(0.8296608270774102-0.5566234488038646j),0.0005
0.11800000000000001,(0.8293810889762312-0.5570387880835744j),0.0005
0.11810000000000001,(0.8291011429532663-0.557453986788297j),0.0005
0.1182,(0.828820989079156-0.5578690448139431j),0.0005
0.1183,(0.828540627424603-0.5582839620564607j),0.0005
0.1184,(0.8282600580603584-0.5586987384118305j),0.0005
0.11850000000000001,(0.8279792810572227-0.5591133737760748j),0.0005
0.11860000000000001,(0.8276982964860533-0.5595278680452485j),0.0005
0.1187,(0.8274171044177518-0.5599422211154418j),0.0005
0.1188,(0.8271357049232833-0.5603564328827805j),0.0005
0.1189,(0.8268540980736544-0.5607705032434234j),0.0005
0.11900000000000001,(0.8265722839399267-0.561184432093572j),0.0005
0.11910000000000001,(0.8262902625932148-0.5615982193294536j),0.0005
0.1192,(0.8260080341046888-0.5620118648473443j),0.0005
0.1193,(0.8257255985455658-0.562425368543544j),0.0005
0.1194,(0.8254429559871138-0.5628387303143932j),0.0005
0.11950000000000001,(0.8251601065006563-0.5632519500562699j),0.0005
0.11960000000000001,(0.8248770501575728-0.563665027665584j),0.0005
0.1197,(0.8245937870292785-0.5640779630387862j),0.0005
0.1198,(0.8243103171872556-0.5644907560723578j),0.0005
0.1199,(0.8240266407030432-0.5649034066628164j),0.0005
0.12000000000000001,(0.8237427576482081-0.565315914706724j),0.0005
0.12010000000000001,(0.8234586680943901-0.5657282801006667j),0.0005
0.1202,(0.8231743721132705-0.5661405027412735j),0.0005
0.1203,(0.8228898697765991-0.566552582525206j),0.0005
0.12040000000000001,(0.8226051611561518-0.5669645193491675j),0.0005
0.12050000000000001,(0.8223202463237673-0.5673763131098928j),0.0005
0.1206,(0.8220351253513434-0.5677879637041537j),0.0005
0.1207,(0.821749798310823-0.5681994710287552j),0.0005
0.1208,(0.8214642652742015-0.5686108349805449j),0.0005
0.12090000000000001,(0.8211785263135237-0.569022055456401j),0.0005
0.12100000000000001,(0.8208925815008878-0.5694331323532387j),0.0005
0.1211,(0.8206064309084478-0.5698440655680129j),0.0005
0.1212,(0.8203200746084014-0.5702548549977167j),0.0005
0.1213,(0.8200335126730011-0.5706655005393652j),0.0005
0.12140000000000001,(0.8197467451745527-0.5710760020900275j),0.0005
0.12150000000000001,(0.819459772185416-0.5714863595467962j),0.0005
0.1216,(0.8191725937779943-0.5718965728068115j),0.0005
0.1217,(0.818885210024752-0.5723066417672416j),0.0005
0.1218,(0.8185976209981931-0.5727165663252913j),0.0005
0.12190000000000001,(0.8183098267708835-0.5731263463782048j),0.0005
0.12200000000000001,(0.8180218274154348-0.5735359818232646j),0.0005
0.1221,(0.8177336230045184-0.5739454725577858j),0.0005
0.1222,(0.8174452136108433-0.5743548184791175j),0.0005
0.1223,(0.8171565993071787-0.5747640194846535j),0.0005
0.12240000000000001,(0.8168677801663475-0.5751730754718201j),0.0005
0.12250000000000001,(0.816578756261217-0.5755819863380746j),0.0005
0.1226,(0.8162895276647101-0.5759907519809211j),0.0005
0.1227,(0.8160000944498009-0.5763993722978973j),0.0005
0.1228,(0.8157104566895095-0.5768078471865667j),0.0005
0.12290000000000001,(0.8154206144569179-0.577216176544549j),0.0005
0.12300000000000001,(0.8151305678251476-0.5776243602694826j),0.0005
0.1231,(0.8148403168673836-0.5780323982590532j),0.0005
0.1232,(0.8145498616568514-0.5784402904109793j),0.0005
0.1233,(0.8142592022668286-0.5788480366230172j),0.0005
0.12340000000000001,(0.8139683387706492-0.5792556367929607j),0.0005
0.12350000000000001,(0.8136772712416981-0.5796630908186402j),0.0005
0.1236,(0.8133859997534084-0.5800703985979198j),0.0005
0.1237,(0.8130945243792668-0.580477560028704j),0.0005
0.12380000000000001,(0.8128028451928052-0.5808845750089359j),0.0005
0.12390000000000001,(0.8125109622676151-0.5812914434365893j),0.0005
0.124,(0.8122188756773363-0.5816981652096809j),0.0005
0.1241,(0.8119265854956553-0.5821047402262622j),0.0005
0.1242,(0.8116340917963106-0.5825111683844202j),0.0005
0.12430000000000001,(0.8113413946530984-0.5829174495822832j),0.0005
0.12440000000000001,(0.8110484941398565-0.5833235837180105j),0.0005
0.1245,(0.8107553903304882-0.5837295706898022j),0.0005
0.1246,(0.8104620832989277-0.5841354103958967j),0.0005
0.1247,(0.8101685731191728-0.5845411027345693j),0.0005
0.12480000000000001,(0.809874859865271-0.584946647604128j),0.0005
0.12490000000000001,(0.8095809436113177-0.5853520449029224j),0.0005
0.125,(0.8092868244314716-0.5857572945293371j),0.0005
0.12510000000000002,(0.8089925023999142-0.5861623963817989j),0.0005
0.1252,(0.8086979775909104-0.5865673503587626j),0.0005
0.1253,(0.8084032500787514-0.586972156358728j),0.0005
0.1254,(0.8081083199377967-0.5873768142802277j),0.0005
0.1255,(0.8078131872424372-0.5877813240218398j),0.0005
0.12560000000000002,(0.8075178520671409-0.5881856854821677j),0.0005
0.1257,(0.8072223144864022-0.5885898985598603j),0.0005
0.1258,(0.8069265745747756-0.5889939631536026j),0.0005
0.1259,(0.8066306324068697-0.5893978791621153j),0.0005
0.126,(0.8063344880573351-0.589801646484161j),0.0005
0.12610000000000002,(0.8060381416008849-0.5902052650185309j),0.0005
0.1262,(0.8057415931122748-0.5906087346640649j),0.0005
0.1263,(0.8054448426663139-0.5910120553196294j),0.0005
0.1264,(0.805147890337854-0.5914152268841385j),0.0005
0.1265,(0.8048507362018089-0.591818249256535j),0.0005
0.12660000000000002,(0.8045533803331406-0.5922211223358108j),0.0005
0.1267,(0.8042558228068555-0.5926238460209762j),0.0005
0.1268,(0.8039580636980187-0.5930264202111017j),0.0005
0.1269,(0.8036601030817383-0.5934288448052829j),0.0005
0.127,(0.803361941033176-0.5938311197026537j),0.0005
0.12710000000000002,(0.8030635776275472-0.5942332448023865j),0.0005
0.1272,(0.8027650129401093-0.5946352200036953j),0.0005
0.1273,(0.8024662470461833-0.5950370452058256j),0.0005
0.1274,(0.802167280021122-0.5954387203080659j),0.0005
0.1275,(0.8018681119403501-0.5958402452097431j),0.0005
0.12760000000000002,(0.8015687428793243-0.5962416198102148j),0.0005
0.1277,(0.8012691729135706-0.5966428440088841j),0.0005
0.1278,(0.8009694021186434-0.5970439177051888j),0.0005
0.1279,(0.8006694305701649-0.5974448407986057j),0.0005
0.128,(0.8003692583437946-0.5978456131886473j),0.0005
0.12810000000000002,(0.80006888551525-0.5982462347748655j),0.0005
0.1282,(0.7997683121603016-0.5986467054568528j),0.0005
0.1283,(0.7994675383547665-0.5990470251342404j),0.0005
0.12840000000000001,(0.7991665641745066-0.59944719370669j),0.0005
0.1285,(0.7988653896954426-0.5998472110739065j),0.0005
0.12860000000000002,(0.7985640149935398-0.6002470771356346j),0.0005
0.1287,(0.7982624401448201-0.6006467917916503j),0.0005
0.1288,(0.7979606652253508-0.6010463549417817j),0.0005
0.12890000000000001,(0.7976586903112403-0.6014457664858761j),0.0005
0.129,(0.7973565154786689-0.601845026323836j),0.0005
0.1291,(0.7970541408038471-0.6022441343555915j),0.0005
0.1292,(0.7967515663630445-0.602643090481117j),0.0005
0.1293,(0.7964487922325836-0.6030418946004216j),0.0005
0.12940000000000002,(0.79614581848883-0.6034405466135531j),0.0005
0.1295,(0.7958426452081975-0.6038390464206025j),0.0005
0.1296,(0.7955392724671589-0.604237393921687j),0.0005
0.1297,(0.7952357003422368-0.604635589016981j),0.0005
0.1298,(0.7949319289099864-0.6050336316066794j),0.0005
0.12990000000000002,(0.7946279582470422-0.605431521591027j),0.0005
0.13,(0.7943237884300618-0.6058292588702998j),0.0005
0.1301,(0.7940194195357648-0.6062268433448157j),0.0005
0.1302,(0.7937148516409238-0.6066242749149353j),0.0005
0.1303,(0.7934100848223532-0.60702155348105j),0.0005
0.13040000000000002,(0.7931051191569192-0.6074186789435931j),0.0005
0.1305,(0.7927999547215342-0.607815651203038j),0.0005
0.1306,(0.7924945915931842-0.608212470159893j),0.0005
0.1307,(0.7921890298488683-0.6086091357147133j),0.0005
0.1308,(0.7918832695656575-0.6090056477680796j),0.0005
0.13090000000000002,(0.7915773108206775-0.6094020062206236j),0.0005
0.131,(0.7912711536910834-0.6097982109730116j),0.0005
0.1311,(0.7909647982540969-0.6101942619259418j),0.0005
0.1312,(0.7906582445869836-0.6105901589801644j),0.0005
0.1313,(0.7903514927670595-0.6109859020364571j),0.0005
0.13140000000000002,(0.7900445428716871-0.6113814909956399j),0.0005
0.1315,(0.7897373949782833-0.6117769257585771j),0.0005
0.1316,(0.789430049164311-0.6121722062261634j),0.0005
0.1317,(0.7891225055072871-0.6125673322993378j),0.0005
0.1318,(0.7888147640847728-0.6129623038790771j),0.0005
0.13190000000000002,(0.7885068249743808-0.6133571208663942j),0.0005
0.132,(0.7881986882537783-0.6137517831623436j),0.0005
0.1321,(0.7878903540006726-0.6141462906680228j),0.0005
0.1322,(0.7875818222928267-0.6145406432845579j),0.0005
0.1323,(0.7872730932080522-0.6149348409131253j),0.0005
0.13240000000000002,(0.7869641668242132-0.615328883454931j),0.0005
0.1325,(0.7866550432192148-0.61572277081123j),0.0005
0.1326,(0.7863457224710166-0.6161165028833098j),0.0005
0.1327,(0.786036204657632-0.6165100795724956j),0.0005
0.1328,(0.7857264898571145-0.6169035007801531j),0.0005
0.13290000000000002,(0.785416578147577-0.617296766407694j),0.0005
0.133,(0.7851064696071717-0.6176898763565621j),0.0005
0.1331,(0.7847961643141075-0.6180828305282415j),0.0005
0.1332,(0.7844856623466371-0.6184756288242539j),0.0005
0.1333,(0.784174963783072-0.6188682711461648j),0.0005
0.13340000000000002,(0.7838640687017636-0.6192607573955795j),0.0005
0.1335,(0.7835529771811135-0.6196530874741374j),0.0005
0.1336,(0.7832416892995753-0.6200452612835202j),0.0005
0.1337,(0.7829302051356497-0.6204372787254466j),0.0005
0.1338,(0.7826185247678915-0.6208291397016813j),0.0005
0.13390000000000002,(0.7823066482748985-0.6212208441140175j),0.0005
0.134,(0.781994575735315-0.6216123918643055j),0.0005
0.1341,(0.7816823072278515-0.6220037828544137j),0.0005
0.1342,(0.7813698428312501-0.622395016986266j),0.0005
0.1343,(0.7810571826243023-0.6227860941618176j),0.0005
0.13440000000000002,(0.7807443266858622-0.6231770142830669j),0.0005
0.1345,(0.780431275094821-0.6235677772520507j),0.0005
0.1346,(0.7801180279301205-0.623958382970846j),0.0005
0.13470000000000001,(0.7798045852707567-0.6243488313415683j),0.0005
0.1348,(0.7794909471957696-0.6247391222663736j),0.0005
0.13490000000000002,(0.779177113784254-0.6251292556474587j),0.0005
0.135,(0.7788630851153439-0.6255192313870597j),0.0005
0.1351,(0.7785488612682324-0.6259090493874498j),0.0005
0.13520000000000001,(0.7782344423221552-0.6262987095509471j),0.0005
0.1353,(0.7779198283563998-0.6266882117799002j),0.0005
0.13540000000000002,(0.7776050194503056-0.62707755597671j),0.0005
0.1355,(0.7772900156832482-0.6274667420438098j),0.0005
0.1356,(0.776974817134665-0.62785576988367j),0.0005
0.13570000000000002,(0.7766594238840404-0.6282446393988073j),0.0005
0.1358,(0.7763438360109043-0.6286333504917764j),0.0005
0.1359,(0.7760280535948331-0.629021903065171j),0.0005
0.136,(0.7757120767154553-0.6294102970216252j),0.0005
0.1361,(0.7753959054524513-0.6297985322638142j),0.0005
0.13620000000000002,(0.7750795398855478-0.6301866086944483j),0.0005
0.1363,(0.7747629800945153-0.6305745262162854j),0.0005
0.1364,(0.7744462261591736-0.6309622847321177j),0.0005
0.1365,(0.7741292781594012-0.6313498841447825j),0.0005
0.1366,(0.7738121361751161-0.6317373243571511j),0.0005
0.13670000000000002,(0.7734948002862886-0.6321246052721381j),0.0005
0.1368,(0.7731772705729321-0.632511726792697j),0.0005
0.1369,(0.7728595471151206-0.6328986888218254j),0.0005
0.137,(0.7725416299929592-0.6332854912625613j),0.0005
0.1371,(0.7722235192866183-0.6336721340179747j),0.0005
0.13720000000000002,(0.7719052150763028-0.6340586169911826j),0.0005
0.1373,(0.771586717442278-0.6344449400853408j),0.0005
0.1374,(0.7712680264648564-0.634831103203647j),0.0005
0.1375,(0.7709491422243823-0.6352171062493361j),0.0005
0.1376,(0.7706300648012726-0.6356029491256853j),0.0005
0.13770000000000002,(0.7703107942759791-0.6359886317360142j),0.0005
0.1378,(0.7699913307289976-0.6363741539836776j),0.0005
0.1379,(0.7696716742408877-0.6367595157720719j),0.0005
0.138,(0.7693518248922477-0.6371447170046405j),0.0005
0.1381,(0.7690317827637183-0.6375297575848621j),0.0005
0.13820000000000002,(0.7687115479359956-0.637914637416252j),0.0005
0.1383,(0.7683911204898278-0.6382993564023761j),0.0005
0.1384,(0.768070500506009-0.6386839144468277j),0.0005
0.1385,(0.7677496880653745-0.6390683114532578j),0.0005
0.1386,(0.7674286832488133-0.6394525473253377j),0.0005
0.13870000000000002,(0.7671074861372663-0.6398366219667965j),0.0005
0.1388,(0.766786096811714-0.6402205352813991j),0.0005
0.1389,(0.7664645153531943-0.6406042871729422j),0.0005
0.139,(0.766142741842784-0.6409878775452763j),0.0005
0.1391,(0.7658207763616135-0.6413713063022826j),0.0005
0.13920000000000002,(0.765498618990866-0.64175457334789j),0.0005
0.1393,(0.765176269811757-0.6421376785860654j),0.0005
0.1394,(0.7648537289055682-0.6425206219208128j),0.0005
0.1395,(0.7645309963536175-0.642903403256185j),0.0005
0.1396,(0.7642080722372775-0.6432860224962691j),0.0005
0.13970000000000002,(0.763884956637967-0.6436684795451965j),0.0005
0.1398,(0.7635616496371482-0.6440507743071354j),0.0005
0.1399,(0.7632381513163353-0.644432906686298j),0.0005
0.14,(0.7629144617570905-0.6448148765869398j),0.0005
0.1401,(0.7625905810410226-0.6451966839133535j),0.0005
0.14020000000000002,(0.7622665092497899-0.6455783285698745j),0.0005
0.1403,(0.7619422464650996-0.6459598104608747j),0.0005
0.1404,(0.7616177927687013-0.6463411294907768j),0.0005
0.1405,(0.7612931482423981-0.646722285564035j),0.0005
0.1406,(0.7609683129680371-0.6471032785851494j),0.0005
0.14070000000000002,(0.7606432870275219-0.6474841084586618j),0.0005
0.1408,(0.7603180705027855-0.647864775089149j),0.0005
0.1409,(0.75999266347583-0.6482452783812366j),0.0005
0.14100000000000001,(0.7596670660286862-0.6486256182395872j),0.0005
0.1411,(0.7593412782434519-0.6490057945689064j),0.0005
0.14120000000000002,(0.7590153002022506-0.6493858072739414j),0.0005
0.1413,(0.7586891319872764-0.6497656562594741j),0.0005
0.1414,(0.758362773680755-0.6501453414303376j),0.0005
0.14150000000000001,(0.7580362253649666-0.6505248626914005j),0.0005
0.1416,(0.7577094871222333-0.650904219947575j),0.0005
0.14170000000000002,(0.7573825590349299-0.6512834131038139j),0.0005
0.1418,(0.7570554411854782-0.6516624420651089j),0.0005
0.1419,(0.7567281336563438-0.6520413067364957j),0.0005
0.14200000000000002,(0.7564006365300536-0.6524200070230525j),0.0005
0.1421,(0.7560729498891551-0.6527985428298949j),0.0005
0.1422,(0.7557450738162725-0.6531769140621849j),0.0005
0.1423,(0.7554170083940583-0.6535551206251232j),0.0005
0.1424,(0.7550887537052172-0.6539331624239504j),0.0005
0.14250000000000002,(0.7547603098325034-0.6543110393639514j),0.0005
0.1426,(0.7544316768587228-0.654688751350453j),0.0005
0.1427,(0.7541028548667165-0.6550662982888247j),0.0005
0.1428,(0.7537738439393836-0.6554436800844698j),0.0005
0.1429,(0.7534446441596658-0.6558208966428438j),0.0005
0.14300000000000002,(0.7531152556105553-0.6561979478694331j),0.0005
0.1431,(0.7527856783750868-0.65657483366978j),0.0005
0.1432,(0.7524559125363481-0.6569515539494528j),0.0005
0.1433,(0.7521259581774696-0.6573281086140691j),0.0005
0.1434,(0.7517958153816291-0.6577044975692928j),0.0005
0.14350000000000002,(0.751465484232052-0.65808072072082j),0.0005
0.1436,(0.7511349648120152-0.6584567779743982j),0.0005
0.1437,(0.7508042572048379-0.6588326692358055j),0.0005
0.1438,(0.7504733614938895-0.6592083944108716j),0.0005
0.1439,(0.7501422777625839-0.6595839534054662j),0.0005
0.14400000000000002,(0.7498110060943831-0.659959346125497j),0.0005
0.1441,(0.7494795465727919-0.6603345724769161j),0.0005
0.1442,(0.7491478992813762-0.6607096323657146j),0.0005
0.1443,(0.7488160643037322-0.6610845256979354j),0.0005
0.1444,(0.7484840417235116-0.661459252379655j),0.0005
0.14450000000000002,(0.7481518316244118-0.6618338123169842j),0.0005
0.1446,(0.7478194340901829-0.6622082054160936j),0.0005
0.1447,(0.7474868492046062-0.6625824315831842j),0.0005
0.1448,(0.7471540770515256-0.6629564907245042j),0.0005
0.1449,(0.7468211177148224-0.6633303827463402j),0.0005
0.14500000000000002,(0.7464879712784349-0.6637041075550187j),0.0005
0.1451,(0.7461546378263378-0.6640776650569202j),0.0005
0.1452,(0.7458211174425603-0.6644510551584508j),0.0005
0.1453,(0.7454874102111676-0.6648242777660732j),0.0005
0.1454,(0.7451535162162849-0.6651973327862845j),0.0005
0.14550000000000002,(0.7448194355420804-0.6655702201256265j),0.0005
0.1456,(0.7444851682727629-0.6659429396906767j),0.0005
0.1457,(0.7441507144925888-0.6663154913880698j),0.0005
0.1458,(0.7438160742858712-0.6666878751244706j),0.0005
0.1459,(0.7434812477369646-0.6670600908065883j),0.0005
0.14600000000000002,(0.743146234930261-0.6674321383411745j),0.0005
0.1461,(0.7428110359502117-0.6678040176350303j),0.0005
0.1462,(0.7424756508813092-0.6681757285949848j),0.0005
0.1463,(0.7421400798080915-0.6685472711279252j),0.0005
0.1464,(0.7418043228151472-0.6689186451407697j),0.0005
0.14650000000000002,(0.7414683799871102-0.669289850540485j),0.0005
0.1466,(0.7411322514086562-0.6696608872340779j),0.0005
0.1467,(0.7407959371645109-0.6700317551285961j),0.0005
0.1468,(0.7404594373394532-0.6704024541311404j),0.0005
0.1469,(0.7401227520182994-0.6707729841488381j),0.0005
0.14700000000000002,(0.7397858812859064-0.6711433450888643j),0.0005
0.1471,(0.7394488252271975-0.6715135368584533j),0.0005
0.1472,(0.7391115839271263-0.6718835593648512j),0.0005
0.14730000000000001,(0.7387741574706943-0.6722534125153727j),0.0005
0.1474,(0.7384365459429583-0.6726230962173642j),0.0005
0.14750000000000002,(0.7380987494290147-0.6729926103782197j),0.0005
0.1476,(0.7377607680140089-0.6733619549053652j),0.0005
0.1477,(0.7374226017831255-0.6737311297062853j),0.0005
0.14780000000000001,(0.7370842508216028-0.6741001346884966j),0.0005
0.1479,(0.7367457152147243-0.6744689697595592j),0.0005
0.14800000000000002,(0.7364069950478211-0.6748376348270801j),0.0005
0.1481,(0.7360680904062643-0.675206129798705j),0.0005
0.1482,(0.7357290013754774-0.6755744545821296j),0.0005
0.14830000000000002,(0.7353897280409271-0.6759426090850776j),0.0005
0.1484,(0.7350502704881321-0.6763105932153363j),0.0005
0.14850000000000002,(0.7347106288026464-0.6766784068807187j),0.0005
0.1486,(0.734370803070074-0.6770460499890906j),0.0005
0.1487,(0.7340307933760744-0.6774135224483532j),0.0005
0.14880000000000002,(0.7336905998063412-0.6777808241664571j),0.0005
0.1489,(0.7333502224466213-0.678147955051394j),0.0005
0.149,(0.7330096613827012-0.6785149150112009j),0.0005
0.1491,(0.7326689167004202-0.6788817039539482j),0.0005
0.1492,(0.7323279884856608-0.6792483217877626j),0.0005
0.14930000000000002,(0.7319868768243518-0.6796147684208059j),0.0005
0.1494,(0.7316455818024625-0.6799810437612839j),0.0005
0.1495,(0.7313041035060159-0.6803471477174486j),0.0005
0.1496,(0.7309624420210817-0.6807130801975942j),0.0005
0.1497,(0.7306205974337704-0.681078841110051j),0.0005
0.14980000000000002,(0.7302785698302359-0.6814444303632059j),0.0005
0.1499,(0.7299363592966847-0.6818098478654787j),0.0005
0.15,(0.7295939659193665-0.6821750935253358j),0.0005
0.1501,(0.7292513897845753-0.6825401672512889j),0.0005
0.1502,(0.7289086309786535-0.6829050689518835j),0.0005
0.15030000000000002,(0.7285656895879874-0.6832697985357263j),0.0005
0.1504,(0.7282225656990069-0.6836343559114549j),0.0005
0.1505,(0.7278792593982002-0.6839987409877439j),0.0005
0.1506,(0.7275357707720773-0.6843629536733266j),0.0005
0.1507,(0.7271920999072161-0.6847269938769724j),0.0005
0.15080000000000002,(0.726848246890229-0.6850908615074928j),0.0005
0.1509,(0.7265042118077814-0.6854545564737482j),0.0005
0.151,(0.7261599947465758-0.6858180786846354j),0.0005
0.1511,(0.7258155957933676-0.6861814280490955j),0.0005
0.1512,(0.7254710150349486-0.6865446044761268j),0.0005
0.15130000000000002,(0.7251262525581652-0.6869076078747492j),0.0005
0.1514,(0.7247813084499117-0.6872704381540445j),0.0005
0.1515,(0.7244361827971103-0.687633095223125j),0.0005
0.1516,(0.7240908756867516-0.687995578991157j),0.0005
0.1517,(0.7237453872058566-0.6883578893673464j),0.0005
0.15180000000000002,(0.7233997174414942-0.6887200262609412j),0.0005
0.1519,(0.7230538664807846-0.6890819895812335j),0.0005
0.152,(0.7227078344108849-0.6894437792375608j),0.0005
0.1521,(0.7223616213190018-0.6898053951393041j),0.0005
0.1522,(0.7220152272923903-0.6901668371958889j),0.0005
0.15230000000000002,(0.7216686524183482-0.6905281053167793j),0.0005
0.1524,(0.7213218967842161-0.6908891994114921j),0.0005
0.1525,(0.7209749604773829-0.6912501193895833j),0.0005
0.1526,(0.7206278435852809-0.6916108651606477j),0.0005
0.1527,(0.7202805461953887-0.6919714366343312j),0.0005
0.15280000000000002,(0.7199330683952285-0.6923318337203239j),0.0005
0.1529,(0.719585410272373-0.6926920563283541j),0.0005
0.153,(0.7192375719144363-0.6930521043681981j),0.0005
0.1531,(0.7188895534090708-0.6934119777496794j),0.0005
0.1532,(0.7185413548439873-0.6937716763826525j),0.0005
0.15330000000000002,(0.7181929763069346-0.6941312001770341j),0.0005
0.1534,(0.7178444178857047-0.6944905490427703j),0.0005
0.1535,(0.7174956796681381-0.6948497228898578j),0.0005
0.15360000000000001,(0.7171467617421211-0.6952087216283381j),0.0005
0.1537,(0.71679766419558-0.6955675451682958j),0.0005
0.15380000000000002,(0.7164483871164876-0.6959261934198552j),0.0005
0.1539,(0.7160989305928707-0.6962846662931894j),0.0005
0.154,(0.7157492947127877-0.6966429636985196j),0.0005
0.15410000000000001,(0.7153994795643501-0.6970010855460991j),0.0005
0.1542,(0.7150494852357157-0.6973590317462383j),0.0005
0.15430000000000002,(0.7146993118150767-0.6977168022092853j),0.0005
0.1544,(0.7143489593906803-0.6980743968456319j),0.0005
0.1545,(0.7139984280508143-0.6984318155657173j),0.0005
0.15460000000000002,(0.713647717883816-0.6987890582800237j),0.0005
0.1547,(0.7132968289780578-0.6991461248990751j),0.0005
0.15480000000000002,(0.7129457614219723-0.699503015333445j),0.0005
0.1549,(0.7125945153040183-0.6998597294937491j),0.0005
0.155,(0.712243090712707-0.700216267290645j),0.0005
0.15510000000000002,(0.7118914877366057-0.7005726286348344j),0.0005
0.1552,(0.7115397064643112-0.700928813437072j),0.0005
0.1553,(0.7111877469844659-0.7012848216081446j),0.0005
0.1554,(0.7108356093857711-0.701640653058895j),0.0005
0.1555,(0.7104832937569528-0.7019963077002037j),0.0005
0.15560000000000002,(0.7101308001867962-0.7023517854429968j),0.0005
0.1557,(0.7097781287641226-0.7027070861982416j),0.0005
0.1558,(0.7094252795778085-0.703062209876961j),0.0005
0.1559,(0.7090722527167646-0.7034171563902102j),0.0005
0.156,(0.7087190482699484-0.7037719256490989j),0.0005
0.15610000000000002,(0.7083656663263627-0.7041265175647727j),0.0005
0.1562,(0.7080121069750555-0.7044809320484251j),0.0005
0.1563,(0.707658370305122-0.7048351690112975j),0.0005
0.1564,(0.707304456405696-0.7051892283646761j),0.0005
0.1565,(0.7069503653659563-0.7055431100198841j),0.0005
0.15660000000000002,(0.7065960972751315-0.705896813888301j),0.0005
0.1567,(0.7062416522224881-0.70625033988134j),0.0005
0.1568,(0.705887030297344-0.7066036879104658j),0.0005
0.1569,(0.7055322315890539-0.7069568578871873j),0.0005
0.157,(0.7051772561870222-0.7073098497230557j),0.0005
0.15710000000000002,(0.7048221041806912-0.7076626633296687j),0.0005
0.1572,(0.7044667756595583-0.7080152986186666j),0.0005
0.1573,(0.7041112707131517-0.7083677555017439j),0.0005
0.1574,(0.7037555894310585-0.7087200338906258j),0.0005
0.1575,(0.7033997319028916-0.7090721336970929j),0.0005
0.15760000000000002,(0.7030436982183286-0.7094240548329677j),0.0005
0.1577,(0.7026874884670774-0.7097757972101159j),0.0005
0.1578,(0.7023311027388939-0.7101273607404528j),0.0005
0.1579,(0.7019745411235752-0.7104787453359317j),0.0005
0.158,(0.7016178037109699-0.7108299509085594j),0.0005
0.15810000000000002,(0.7012608905909636-0.7111809773703818j),0.0005
0.1582,(0.7009038018534869-0.7115318246334911j),0.0005
0.1583,(0.7005465375885149-0.7118824926100252j),0.0005
0.1584,(0.7001890978860725-0.7122329812121696j),0.0005
0.1585,(0.6998314828362191-0.7125832903521488j),0.0005
0.15860000000000002,(0.6994736925290647-0.7129334199422367j),0.0005
0.1587,(0.699115727054758-0.7132833698947557j),0.0005
0.1588,(0.6987575865034982-0.7136331401220682j),0.0005
0.1589,(0.6983992709655203-0.7139827305365846j),0.0005
0.159,(0.6980407805311128-0.7143321410507565j),0.0005
0.15910000000000002,(0.6976821152905957-0.7146813715770851j),0.0005
0.1592,(0.6973232753343479-0.7150304220281167j),0.0005
0.1593,(0.6969642607527755-0.715379292316444j),0.0005
0.15940000000000001,(0.6966050716363401-0.7157279823546991j),0.0005
0.1595,(0.6962457080755453-0.7160764920555649j),0.0005
0.15960000000000002,(0.6958861701609366-0.7164248213317683j),0.0005
0.1597,(0.6955264579831-0.7167729700960814j),0.0005
0.1598,(0.6951665716326716-0.7171209382613228j),0.0005
0.15990000000000001,(0.6948065112003255-0.7174687257403581j),0.0005
0.16,(0.6944462767767827-0.7178163324460911j),0.0005
0.16010000000000002,(0.694085868452808-0.7181637582914783j),0.0005
0.1602,(0.6937252863192029-0.7185110031895208j),0.0005
0.1603,(0.6933645304668267-0.7188580670532657j),0.0005
0.16040000000000001,(0.6930036009865709-0.7192049497957996j),0.0005
0.1605,(0.6926424979693673-0.7195516513302659j),0.0005
0.16060000000000002,(0.6922812215061998-0.7198981715698397j),0.0005
0.1607,(0.6919197716881014-0.7202445104277531j),0.0005
0.1608,(0.6915581486061293-0.7205906678172822j),0.0005
0.16090000000000002,(0.6911963523513965-0.7209366436517418j),0.0005
0.161,(0.6908343830150613-0.7212824378445029j),0.0005
0.16110000000000002,(0.6904722406883204-0.7216280503089686j),0.0005
0.1612,(0.6901099254624153-0.7219734809586043j),0.0005
0.1613,(0.6897474374286328-0.7223187297069082j),0.0005
0.16140000000000002,(0.689384776678295-0.7226637964674288j),0.0005
0.1615,(0.6890219433027761-0.7230086811537599j),0.0005
0.16160000000000002,(0.6886589373934933-0.7233533836795437j),0.0005
0.1617,(0.688295759041902-0.7236979039584703j),0.0005
0.1618,(0.6879324083395011-0.7240422419042624j),0.0005
0.16190000000000002,(0.6875688853778366-0.7243863974307057j),0.0005
0.162,(0.6872051902484948-0.7247303704516208j),0.0005
0.1621,(0.6868413230431064-0.7250741608808793j),0.0005
0.1622,(0.6864772838533462-0.7254177686323943j),0.0005
0.1623,(0.6861130727709271-0.7257611936201251j),0.0005
0.16240000000000002,(0.6857486898876104-0.7261044357580928j),0.0005
0.1625,(0.6853841352951959-0.7264474949603381j),0.0005
0.1626,(0.6850194090855354-0.7267903711409659j),0.0005
0.1627,(0.68465451135051-0.7271330642141249j),0.0005
0.1628,(0.6842894421820561-0.7274755740940042j),0.0005
0.16290000000000002,(0.6839242016721463-0.7278179006948429j),0.0005
0.163,(0.6835587899127943-0.728160043930928j),0.0005
0.1631,(0.6831932069960677-0.7285020037165869j),0.0005
0.1632,(0.6828274530140614-0.7288437799661991j),0.0005
0.1633,(0.6824615280589281-0.7291853725941859j),0.0005
0.16340000000000002,(0.6820954322228495-0.7295267815150228j),0.0005
0.1635,(0.6817291655980616-0.7298680066432162j),0.0005
0.1636,(0.681362728276838-0.7302090478933367j),0.0005
0.1637,(0.6809961203514915-0.7305499051799909j),0.0005
0.1638,(0.6806293419143877-0.7308905784178324j),0.0005
0.16390000000000002,(0.6802623930579239-0.7312310675215593j),0.0005
0.164,(0.6798952738745498-0.7315713724059278j),0.0005
0.1641,(0.6795279844567461-0.7319114929857239j),0.0005
0.1642,(0.6791605248970479-0.7322514291757892j),0.0005
0.1643,(0.6787928952880279-0.7325911808910157j),0.0005
0.16440000000000002,(0.6784250957222983-0.7329307480463314j),0.0005
0.1645,(0.6780571262925215-0.7332701305567196j),0.0005
0.1646,(0.6776889870913949-0.7336093283372072j),0.0005
0.1647,(0.6773206782116632-0.7339483413028629j),0.0005
0.1648,(0.6769521997461059-0.7342871693688099j),0.0005
0.16490000000000002,(0.6765835517875588-0.7346258124502185j),0.0005
0.165,(0.676214734428888-0.7349642704622894j),0.0005
0.1651,(0.6758457477630061-0.7353025433202905j),0.0005
0.1652,(0.6754765918828718-0.7356406309395251j),0.0005
0.1653,(0.6751072668814758-0.7359785332353503j),0.0005
0.16540000000000002,(0.6747377728518662-0.7363162501231613j),0.0005
0.1655,(0.6743681098871183-0.736653781518402j),0.0005
0.1656,(0.6739982780803591-0.7369911273365721j),0.0005
0.16570000000000001,(0.6736282775247557-0.7373282874932031j),0.0005
0.1658,(0.6732581083135192-0.737665261903888j),0.0005
0.16590000000000002,(0.6728877705398941-0.738002050484258j),0.0005
0.166,(0.6725172642971782-0.7383386531499921j),0.0005
0.1661,(0.6721465896787081-0.7386750698168151j),0.0005
0.16620000000000001,(0.6717757467778604-0.7390113004005018j),0.0005
0.1663,(0.6714047356880536-0.7393473448168784j),0.0005
0.16640000000000002,(0.6710335565027515-0.7396832029818048j),0.0005
0.1665,(0.6706622093154533-0.7400188748111969j),0.0005
0.1666,(0.6702906942197122-0.7403543602210167j),0.0005
0.16670000000000001,(0.6699190113091117-0.7406896591272755j),0.0005
0.1668,(0.6695471606772861-0.741024771446026j),0.0005
0.16690000000000002,(0.669175142417902-0.7413596970933639j),0.0005
0.167,(0.6688029566246797-0.7416944359854485j),0.0005
0.1671,(0.6684306033913634-0.7420289880384752j),0.0005
0.16720000000000002,(0.6680580828117677-0.7423633531686785j),0.0005
0.1673,(0.6676853949797202-0.742697531292355j),0.0005
0.16740000000000002,(0.6673125399891083-0.7430315223258417j),0.0005
0.1675,(0.6669395179338534-0.7433653261855273j),0.0005
0.1676,(0.6665663289079211-0.7436989427878357j),0.0005
0.16770000000000002,(0.6661929730053134-0.7440323720492511j),0.0005
0.1678,(0.665819450320092-0.7443656138862985j),0.0005
0.16790000000000002,(0.665445760946338-0.7446986682155472j),0.0005
0.168,(0.6650719049781822-0.7450315349536244j),0.0005
0.1681,(0.6646978825098075-0.7453642140171943j),0.0005
0.16820000000000002,(0.6643236936354225-0.7456967053229726j),0.0005
0.1683,(0.663949338449289-0.7460290087877253j),0.0005
0.16840000000000002,(0.6635748170457-0.7463611243282521j),0.0005
0.1685,(0.6632001295190044-0.7466930518614174j),0.0005
0.1686,(0.662825275963578-0.747024791304126j),0.0005
0.16870000000000002,(0.6624502564738466-0.74735634257333j),0.0005
0.1688,(0.6620750711442767-0.7476877055860278j),0.0005
0.1689,(0.6616997200693765-0.7480188802592622j),0.0005
0.169,(0.6613242033436908-0.7483498665101332j),0.0005
0.1691,(0.6609485210618106-0.7486806642557773j),0.0005
0.16920000000000002,(0.6605726733183688-0.7490112734133875j),0.0005
0.1693,(0.660196660208038-0.7493416939001948j),0.0005
0.1694,(0.6598204818255297-0.7496719256334925j),0.0005
0.1695,(0.6594441382656052-0.7500019685306005j),0.0005
0.1696,(0.6590676296230545-0.7503318225089068j),0.0005
0.16970000000000002,(0.6586909559927192-0.7506614874858333j),0.0005
0.1698,(0.658314117469477-0.7509909633788605j),0.0005
0.1699,(0.657937114148255-0.7513202501055027j),0.0005
0.17,(0.6575599461240048-0.7516493475833349j),0.0005
0.1701,(0.6571826134917392-0.75197825572997j),0.0005
0.17020000000000002,(0.6568051163464969-0.7523069744630791j),0.0005
0.1703,(0.6564274547833684-0.7526355037003682j),0.0005
0.1704,(0.6560496288974733-0.7529638433596015j),0.0005
0.1705,(0.655671638783986-0.753291993358586j),0.0005
0.1706,(0.6552934845381148-0.7536199536151766j),0.0005
0.17070000000000002,(0.6549151662551064-0.7539477240472806j),0.0005
0.1708,(0.654536684030254-0.7542753045728474j),0.0005
0.1709,(0.6541580379588909-0.7546026951098764j),0.0005
0.171,(0.6537792281363897-0.7549298955764123j),0.0005
0.1711,(0.6534002546581622-0.755256905890554j),0.0005
0.17120000000000002,(0.6530211176196679-0.7555837259704445j),0.0005
0.1713,(0.6526418171163991-0.7559103557342737j),0.0005
0.1714,(0.6522623532438937-0.7562367951002752j),0.0005
0.1715,(0.6518827260977342-0.7565630439867473j),0.0005
0.1716,(0.6515029357735306-0.7568891023120078j),0.0005
0.17170000000000002,(0.6511229823669531-0.7572149699944599j),0.0005
0.1718,(0.6507428659736919-0.757540646952522j),0.0005
0.1719,(0.6503625866894975-0.7578661331046741j),0.0005
0.17200000000000001,(0.6499821446101449-0.7581914283694461j),0.0005
0.1721,(0.6496015398314632-0.7585165326654056j),0.0005
0.17220000000000002,(0.6492207724493073-0.7588414459111837j),0.0005
0.1723,(0.6488398425595916-0.7591661680254524j),0.0005
0.1724,(0.6484587502582537-0.7594906989269252j),0.0005
0.17250000000000001,(0.6480774956412816-0.7598150385343718j),0.0005
0.1726,(0.6476960788047006-0.760139186766612j),0.0005
0.17270000000000002,(0.6473144998445777-0.7604631435424967j),0.0005
0.1728,(0.646932758857022-0.7607869087809515j),0.0005
0.1729,(0.6465508559381801-0.7611104824009363j),0.0005
0.17300000000000001,(0.6461687911842448-0.7614338643214528j),0.0005
0.1731,(0.6457865646914379-0.7617570544615591j),0.0005
0.17320000000000002,(0.6454041765560297-0.7620800527403613j),0.0005
0.1733,(0.6450216268743357-0.762402859077015j),0.0005
0.1734,(0.6446389157426997-0.7627254733907229j),0.0005
0.17350000000000002,(0.6442560432575207-0.7630478956007285j),0.0005
0.1736,(0.6438730095152203-0.7633701256263407j),0.0005
0.17370000000000002,(0.6434898146122782-0.7636921633868943j),0.0005
0.1738,(0.6431064586452001-0.764014008801797j),0.0005
0.1739,(0.6427229417105421-0.7643356617904842j),0.0005
0.17400000000000002,(0.6423392639048944-0.764657122272446j),0.0005
0.1741,(0.6419554253248924-0.7649783901672288j),0.0005
0.17420000000000002,(0.6415714260672079-0.7652994653944261j),0.0005
0.1743,(0.6411872662285498-0.7656203478736711j),0.0005
0.1744,(0.6408029459056797-0.7659410375246455j),0.0005
0.17450000000000002,(0.6404184651953845-0.766261534267093j),0.0005
0.1746,(0.6400338241944987-0.7665818380207882j),0.0005
0.17470000000000002,(0.6396490229998998-0.7669019487055689j),0.0005
0.1748,(0.6392640617084961-0.7672218662413184j),0.0005
0.1749,(0.6388789404172452-0.7675415905479585j),0.0005
0.17500000000000002,(0.6384936592231467-0.7678611215454688j),0.0005
0.1751,(0.6381082182232196-0.7681804591538812j),0.0005
0.1752,(0.6377226175145541-0.7684996032932682j),0.0005
0.1753,(0.6373368571942561-0.7688185538837538j),0.0005
0.1754,(0.636950937359478-0.7691373108455125j),0.0005
0.17550000000000002,(0.6365648581074143-0.7694558740987639j),0.0005
0.1756,(0.6361786195353047-0.7697742435637744j),0.0005
0.1757,(0.6357922217404196-0.770092419160875j),0.0005
0.1758,(0.6354056648200691-0.7704104008104247j),0.0005
0.1759,(0.6350189488716067-0.7707281884328429j),0.0005
0.17600000000000002,(0.6346320739924328-0.771045781948593j),0.0005
0.1761,(0.6342450402799716-0.7713631812781961j),0.0005
0.1762,(0.6338578478317024-0.7716803863422065j),0.0005
0.1763,(0.6334704967451303-0.7719973970612456j),0.0005
0.1764,(0.6330829871178133-0.7723142133559704j),0.0005
0.17650000000000002,(0.6326953190473458-0.7726308351470911j),0.0005
0.1766,(0.6323074926313496-0.7729472623553708j),0.0005
0.1767,(0.6319195079675022-0.7732634949016143j),0.0005
0.1768,(0.6315313651535173-0.7735795327066752j),0.0005
0.1769,(0.631143064287136-0.773895375691471j),0.0005
0.17700000000000002,(0.6307546054661551-0.7742110237769478j),0.0005
0.1771,(0.6303659887884037-0.7745264768841141j),0.0005
0.1772,(0.6299772143517464-0.7748417349340241j),0.0005
0.1773,(0.629588282254093-0.7751567978477777j),0.0005
0.1774,(0.6291991925933923-0.7754716655465312j),0.0005
0.17750000000000002,(0.6288099454676335-0.7757863379514812j),0.0005
0.1776,(0.6284205409748386-0.7761008149838812j),0.0005
0.1777,(0.6280309792130777-0.7764150965650285j),0.0005
0.1778,(0.627641260280451-0.7767291826162743j),0.0005
0.1779,(0.6272513842751111-0.7770430730590155j),0.0005
0.17800000000000002,(0.626861351295232-0.7773567678146994j),0.0005
0.1781,(0.6264711614390464-0.7776702668048235j),0.0005
0.1782,(0.6260808148048104-0.77798356995093j),0.0005
0.17830000000000001,(0.62569031149083-0.7782966771746185j),0.0005
0.1784,(0.6252996515954401-0.7786095883975321j),0.0005
0.17850000000000002,(0.6249088352170257-0.7789223035413638j),0.0005
0.1786,(0.6245178624540063-0.7792348225278553j),0.0005
0.1787,(0.6241267334048414-0.7795471452788046j),0.0005
0.17880000000000001,(0.6237354481680236-0.7798592717160505j),0.0005
0.1789,(0.6233440068420923-0.7801712017614812j),0.0005
0.17900000000000002,(0.6229524095256227-0.7804829353370455j),0.0005
0.1791,(0.6225606563172323-0.7807944723647261j),0.0005
0.1792,(0.6221687473155699-0.7811058127665665j),0.0005
0.17930000000000001,(0.6217766826193316-0.7814169564646529j),0.0005
0.1794,(0.6213844623272463-0.7817279033811314j),0.0005
0.17950000000000002,(0.6209920865380909-0.7820386534381863j),0.0005
0.1796,(0.6205995553506668-0.7823492065580582j),0.0005
0.1797,(0.6202068688638271-0.7826595626630289j),0.0005
0.17980000000000002,(0.619814027176458-0.782969721675437j),0.0005
0.1799,(0.6194210303874864-0.7832796835176752j),0.0005
0.18000000000000002,(0.6190278785958724-0.783589448112174j),0.0005
0.1801,(0.6186345719006283-0.7838990153814215j),0.0005
0.1802,(0.6182411104007927-0.7842083852479572j),0.0005
0.18030000000000002,(0.6178474941954412-0.784517557634364j),0.0005
0.1804,(0.617453723383701-0.7848265324632735j),0.0005
0.18050000000000002,(0.6170597980647297-0.7851353096573791j),0.0005
0.1806,(0.616665718337722-0.7854438891394071j),0.0005
0.1807,(0.6162714843019165-0.7857522708321492j),0.0005
0.18080000000000002,(0.6158770960565826-0.7860604546584345j),0.0005
0.1809,(0.61548255370104-0.7863684405411507j),0.0005
0.18100000000000002,(0.6150878573346353-0.786676228403233j),0.0005
0.1811,(0.6146930070567618-0.786983818167659j),0.0005
0.1812,(0.6142980029668462-0.7872912097574717j),0.0005
0.18130000000000002,(0.6139028451643557-0.7875984030957487j),0.0005
0.1814,(0.6135075337487972-0.7879053981056252j),0.0005
0.18150000000000002,(0.6131120688197147-0.7882121947102819j),0.0005
0.1816,(0.6127164504766924-0.7885187928329577j),0.0005
0.1817,(0.6123206788193463-0.7888251923969385j),0.0005
0.18180000000000002,(0.6119247539473381-0.789131393325551j),0.0005
0.1819,(0.6115286759603699-0.789437395542179j),0.0005
0.182,(0.6111324449581688-0.7897431989702627j),0.0005
0.1821,(0.6107360610405155-0.7900488035332808j),0.0005
0.1822,(0.6103395243072202-0.7903542091547622j),0.0005
0.18230000000000002,(0.6099428348581343-0.7906594157583053j),0.0005
0.1824,(0.609545992793146-0.7909644232675286j),0.0005
0.1825,(0.6091489982121818-0.7912692316061268j),0.0005
0.1826,(0.6087518512152139-0.7915738406978302j),0.0005
0.1827,(0.6083545519022313-0.7918782504664229j),0.0005
0.18280000000000002,(0.6079571003732858-0.79218246083574j),0.0005
0.1829,(0.6075594967284569-0.792486471729666j),0.0005
0.183,(0.6071617410678579-0.7927902830721386j),0.0005
0.1831,(0.6067638334916488-0.7930938947871412j),0.0005
0.1832,(0.6063657741000219-0.793397306798708j),0.0005
0.18330000000000002,(0.6059675629932041-0.793700519030929j),0.0005
0.1834,(0.605569200271471-0.794003531407935j),0.0005
0.1835,(0.6051706860351291-0.7943063438539161j),0.0005
0.1836,(0.6047720203845213-0.7946089562931065j),0.0005
0.1837,(0.6043732034200359-0.7949113686497987j),0.0005
0.18380000000000002,(0.603974235242088-0.7952135808483256j),0.0005
0.1839,(0.6035751159511393-0.7955155928130748j),0.0005
0.184,(0.60317584564769-0.7958174044684913j),0.0005
0.1841,(0.6027764244322658-0.796119015739057j),0.0005
0.1842,(0.6023768524054482-0.7964204265493082j),0.0005
0.18430000000000002,(0.601977129667845-0.7967216368238489j),0.0005
0.1844,(0.6015772563201018-0.7970226464873005j),0.0005
0.1845,(0.601177232462904-0.7973234554643714j),0.0005
0.18460000000000001,(0.6007770581969777-0.7976240636797933j),0.0005
0.1847,(0.6003767336230792-0.797924471058358j),0.0005
0.18480000000000002,(0.5999762588420124-0.7982246775249114j),0.0005
0.1849,(0.5995756339546072-0.798524683004344j),0.0005
0.185,(0.5991748590617422-0.7988244874216022j),0.0005
0.18510000000000001,(0.598773934264328-0.7991240907016756j),0.0005
0.1852,(0.5983728596633093-0.7994234927696169j),0.0005
0.18530000000000002,(0.5979716353596751-0.799722693550515j),0.0005
0.1854,(0.5975702614544479-0.8000216929695134j),0.0005
0.1855,(0.5971687380486883-0.8003204909518153j),0.0005
0.18560000000000001,(0.5967670652434952-0.8006190874226721j),0.0005
0.1857,(0.5963652431400049-0.8009174823073717j),0.0005
0.18580000000000002,(0.595963271839389-0.8012156755312717j),0.0005
0.1859,(0.5955611514428599-0.801513667019767j),0.0005
0.186,(0.5951588820516617-0.8018114566983112j),0.0005
0.18610000000000002,(0.5947564637670849-0.8021090444924049j),0.0005
0.1862,(0.5943538966904461-0.8024064303276021j),0.0005
0.18630000000000002,(0.5939511809231073-0.8027036141295011j),0.0005
0.1864,(0.5935483165664636-0.80300059582376j),0.0005
0.1865,(0.5931453037219524-0.8032973753360839j),0.0005
0.18660000000000002,(0.5927421424910387-0.8035939525922232j),0.0005
0.1867,(0.5923388329752383-0.8038903275179962j),0.0005
0.18680000000000002,(0.5919353752760891-0.804186500039251j),0.0005
0.1869,(0.5915317694951769-0.8044824700818971j),0.0005
0.187,(0.5911280157341191-0.8047782375718968j),0.0005
0.18710000000000002,(0.590724114094573-0.8050738024352634j),0.0005
0.1872,(0.5903200646782337-0.8053691645980536j),0.0005
0.18730000000000002,(0.5899158675868256-0.8056643239863817j),0.0005
0.1874,(0.5895115229221252-0.8059592805264104j),0.0005
0.1875,(0.5891070307859266-0.8062540341443585j),0.0005
0.18760000000000002,(0.5887023912800798-0.8065485847664876j),0.0005
0.1877,(0.5882976045064529-0.806842932319119j),0.0005
0.18780000000000002,(0.5878926705669694-0.8071370767286159j),0.0005
0.1879,(0.5874875895635753-0.8074310179214024j),0.0005
0.188,(0.5870823615982625-0.8077247558239407j),0.0005
0.18810000000000002,(0.586676986773052-0.808018290362767j),0.0005
0.1882,(0.5862714651900119-0.8083116214644421j),0.0005
0.1883,(0.5858657969512324-0.808604749055593j),0.0005
0.1884,(0.5854599821588566-0.8088976730628983j),0.0005
0.1885,(0.5850540209150508-0.8091903934130796j),0.0005
0.18860000000000002,(0.5846479133220222-0.8094829100329186j),0.0005
0.1887,(0.5842416594820224-0.8097752228492444j),0.0005
0.1888,(0.5838352594973283-0.8100673317889356j),0.0005
0.1889,(0.5834287134702607-0.8103592367789215j),0.0005
0.189,(0.5830220215031736-0.8106509377461896j),0.0005
0.18910000000000002,(0.5826151836984546-0.8109424346177754j),0.0005
0.1892,(0.5822082001585354-0.8112337273207619j),0.0005
0.1893,(0.5818010709858771-0.8115248157822879j),0.0005
0.1894,(0.5813937962829864-0.8118156999295416j),0.0005
0.1895,(0.5809863761523969-0.8121063796897628j),0.0005
0.18960000000000002,(0.5805788106966776-0.8123968549902422j),0.0005
0.1897,(0.5801711000184437-0.8126871257583276j),0.0005
0.1898,(0.5797632442203402-0.8129771919214036j),0.0005
0.1899,(0.5793552434050472-0.8132670534069261j),0.0005
0.19,(0.5789470976752845-0.8135567101423898j),0.0005
0.19010000000000002,(0.5785388071338072-0.8138461620553462j),0.0005
0.1902,(0.5781303718834101-0.8141354090733888j),0.0005
0.1903,(0.5777217920269135-0.8144244511241789j),0.0005
0.1904,(0.5773130676671838-0.814713288135412j),0.0005
0.1905,(0.5769041989071215-0.8150019200348511j),0.0005
0.19060000000000002,(0.5764951858496642-0.8152903467502963j),0.0005
0.1907,(0.5760860285977782-0.8155785682096127j),0.0005
0.1908,(0.5756767272544772-0.8158665843407067j),0.0005
0.19090000000000001,(0.5752672819227986-0.8161543950715439j),0.0005
0.191,(0.5748576927058286-0.8164420003301336j),0.0005
0.19110000000000002,(0.5744479597066825-0.8167294000445469j),0.0005
0.1912,(0.5740380830285055-0.8170165941428963j),0.0005
0.1913,(0.5736280627744916-0.8173035825533538j),0.0005
0.19140000000000001,(0.5732178990478679-0.8175903652041427j),0.0005
0.1915,(0.572807591951882-0.8178769420235258j),0.0005
0.19160000000000002,(0.5723971415898399-0.8181633129398425j),0.0005
0.1917,(0.5719865480650685-0.8184494778814592j),0.0005
0.1918,(0.5715758114809384-0.8187354367768007j),0.0005
0.19190000000000002,(0.5711649319408467-0.8190211895543598j),0.0005
0.192,(0.5707539095482382-0.8193067361426588j),0.0005
0.19210000000000002,(0.5703427444065803-0.8195920764702864j),0.0005
0.1922,(0.5699314366193898-0.8198772104658729j),0.0005
0.1923,(0.5695199862902097-0.820162138058109j),0.0005
0.19240000000000002,(0.5691083935226198-0.8204468591757366j),0.0005
0.1925,(0.5686966584202389-0.8207313737475467j),0.0005
0.19260000000000002,(0.5682847810867199-0.8210156817023798j),0.0005
0.1927,(0.5678727616257474-0.821299782969136j),0.0005
0.1928,(0.5674606001410518-0.8215836774767606j),0.0005
0.19290000000000002,(0.5670482967363875-0.8218673651542551j),0.0005
0.193,(0.5666358515155501-0.8221508459306686j),0.0005
0.19310000000000002,(0.5662232645823693-0.8224341197351075j),0.0005
0.1932,(0.5658105360407141-0.822717186496726j),0.0005
0.1933,(0.5653976659944787-0.8230000461447342j),0.0005
0.19340000000000002,(0.5649846545476076-0.8232826986083921j),0.0005
0.1935,(0.5645715018040656-0.8235651438170106j),0.0005
0.19360000000000002,(0.5641582078678642-0.823847381699954j),0.0005
0.1937,(0.5637447728430439-0.8241294121866424j),0.0005
0.1938,(0.563331196833685-0.8244112352065435j),0.0005
0.19390000000000002,(0.5629174799438952-0.8246928506891759j),0.0005
0.194,(0.5625036222778251-0.8249742585641221j),0.0005
0.19410000000000002,(0.5620896239396638-0.8252554587609935j),0.0005
0.1942,(0.5616754850336225-0.8255364512094783j),0.0005
0.1943,(0.5612612056639604-0.8258172358393056j),0.0005
0.19440000000000002,(0.5608467859349583-0.8260978125802555j),0.0005
0.1945,(0.5604322259509495-0.8263781813621652j),0.0005
0.19460000000000002,(0.5600175258162869-0.8266583421149258j),0.0005
0.1947,(0.5596026856353675-0.8269382947684673j),0.0005
0.1948,(0.5591877055126185-0.827218039252788j),0.0005
0.19490000000000002,(0.5587725855525054-0.8274975754979318j),0.0005
0.195,(0.5583573258595279-0.827776903433996j),0.0005
0.1951,(0.5579419265382218-0.828056022991129j),0.0005
0.1952,(0.5575263876931468-0.8283349340995345j),0.0005
0.1953,(0.5571107094289145-0.8286136366894659j),0.0005
0.19540000000000002,(0.556694891850163-0.8288921306912285j),0.0005
0.1955,(0.5562789350615687-0.8291704160351834j),0.0005
0.1956,(0.5558628391678326-0.8294484926517395j),0.0005
0.1957,(0.555446604273701-0.8297263604713627j),0.0005
0.1958,(0.5550302304839568-0.8300040194245767j),0.0005
0.19590000000000002,(0.5546137179034011-0.8302814694419407j),0.0005
0.196,(0.5541970666368939-0.8305587104540781j),0.0005
0.1961,(0.5537802767893085-0.8308357423916742j),0.0005
0.1962,(0.553363348465566-0.8311125651854468j),0.0005
0.1963,(0.5529462817706148-0.8313891787661737j),0.0005
0.19640000000000002,(0.5525290768094423-0.831665583064698j),0.0005
0.1965,(0.5521117336870697-0.8319417780118904j),0.0005
0.1966,(0.5516942525085515-0.8322177635387042j),0.0005
0.1967,(0.5512766333789765-0.832493539576122j),0.0005
0.1968,(0.5508588764034702-0.8327691060551874j),0.0005
0.19690000000000002,(0.550440981687188-0.8330444629070018j),0.0005
0.197,(0.5500229493353217-0.8333196100627028j),0.0005
0.1971,(0.5496047794531054-0.8335945474535084j),0.0005
0.19720000000000001,(0.5491864721457966-0.8338692750106577j),0.0005
0.1973,(0.5487680275186909-0.8341437926654707j),0.0005
0.19740000000000002,(0.5483494456771196-0.8344181003492974j),0.0005
0.1975,(0.5479307267264474-0.8346921979935608j),0.0005
0.1976,(0.5475118707720742-0.8349660855297155j),0.0005
0.19770000000000001,(0.5470928779194291-0.8352397628892912j),0.0005
0.1978,(0.5466737482739856-0.8355132300038521j),0.0005
0.19790000000000002,(0.5462544819412428-0.8357864868050269j),0.0005
0.198,(0.5458350790267342-0.8360595332244922j),0.0005
0.1981,(0.5454155396360334-0.8363323691939749j),0.0005
0.19820000000000002,(0.5449958638747421-0.8366049946452657j),0.0005
0.1983,(0.5445760518485009-0.8368774095101962j),0.0005
0.19840000000000002,(0.5441561036629785-0.8371496137206551j),0.0005
0.1985,(0.543736019423887-0.8374216072085899j),0.0005
0.1986,(0.5433157992369584-0.8376933899059937j),0.0005
0.19870000000000002,(0.5428954432079753-0.837964961744914j),0.0005
0.1988,(0.5424749514427385-0.8382363226574555j),0.0005
0.19890000000000002,(0.5420543240470967-0.838507472575773j),0.0005
0.199,(0.5416335611269246-0.8387784114320667j),0.0005
0.1991,(0.5412126627881295-0.8390491391586063j),0.0005
0.19920000000000002,(0.5407916291366578-0.8393196556877028j),0.0005
0.1993,(0.5403704602784839-0.8395899609517244j),0.0005
0.19940000000000002,(0.5399491563196258-0.8398600548830896j),0.0005
0.1995,(0.5395277173661207-0.8401299374142772j),0.0005
0.1996,(0.5391061435240544-0.8403996084778065j),0.0005
0.19970000000000002,(0.538684434899535-0.8406690680062661j),0.0005
0.1998,(0.5382625915987134-0.8409383159322861j),0.0005
0.19990000000000002,(0.5378406137277678-0.8412073521885503j),0.0005
0.2,(0.5374185013929077-0.8414761767077991j),0.0005
